10.0131
10.0267
10.0404
10.0541
10.0677
10.0814
0.032
0.034
10.1224
10.136
10.1497
10.1634
10.177
10.1907
0.048
0.05
10.2317
10.2454
10.259
10.2727
10.2864
10.3
0.064
0.066
10.341
10.3547
10.3683
10.382
10.3957
10.4093
0.08
0.082
10.4503
10.464
10.4776
10.4913
10.505
10.5186
0.096
0.098
10.5596
10.5733
10.587
10.6006
10.6143
10.628
0.112
0.114
10.6689
10.6826
10.6963
10.7099
10.7236
10.7373
0.128
0.13
10.7783
10.7919
10.8056
10.8192
10.8329
10.8466
0.144
0.146
10.8876
10.9012
10.9149
10.9286
10.9422
10.9559
0.16
0.162
10.9969
11.0105
11.0242
11.0379
11.0515
11.0652
0.176
0.178
11.1062
11.1199
11.1335
11.1472
11.1608
11.1745
0.192
0.194
11.2155
11.2292
11.2428
11.2565
11.2702
11.2838
0.208
0.21
11.3248
11.3385
11.3521
11.3658
11.3795
11.3931
0.224
0.226
11.4341
11.4478
11.4615
11.4751
11.4888
11.5024
0.24
0.242
0.244
0.246
0.248
0.25
0.252
0.254
0.256
0.258
0.26
0.262
0.264
0.266
0.268
0.27
0.272
0.274
24.9294
24.9638
24.9982
25.0326
25.067
25.1014
0.288
0.29
25.2046
25.239
25.2734
25.3078
25.3422
25.3766
0.304
0.306
25.4798
25.5142
25.5486
25.583
25.6174
25.6518
0.32
0.322
25.755
25.7894
25.8238
25.8582
25.8926
25.927
0.336
0.338
26.0302
26.0646
26.099
26.1334
26.1678
26.2022
0.352
0.354
26.3054
26.3398
26.3742
26.4086
26.443
26.4774
0.368
0.37
26.5806
26.615
26.6494
26.6838
26.7182
26.7526
0.384
0.386
26.8558
26.8902
26.9246
26.959
26.9934
27.0278
0.4
0.402
27.131
27.1654
27.1998
27.2342
27.2686
27.303
0.416
0.418
27.4062
27.4406
27.475
27.5094
27.5438
27.5782
0.432
0.434
27.6814
27.7158
27.7502
27.7846
27.819
27.8534
0.448
0.45
27.9566
27.991
28.0254
28.0598
28.0942
28.1286
0.464
0.466
28.2318
28.2662
28.3006
28.335
28.3694
28.4038
0.48
0.482
28.507
28.5414
28.5758
28.6102
28.6446
28.679
0.496
0.498
0.5
0.502
0.504
0.506
0.508
0.51
0.512
0.514
0.516
0.518
0.52
0.522
0.524
0.526
0.528
0.53
39.8458
39.9009
39.956
40.0112
40.0663
40.1215
0.544
0.546
40.2869
40.342
40.3971
40.4523
40.5074
40.5625
0.56
0.562
40.7279
40.7831
40.8382
40.8934
40.9485
41.0036
0.576
0.578
41.169
41.2242
41.2793
41.3344
41.3896
41.4447
0.592
0.594
41.6101
41.6653
41.7204
41.7755
41.8307
41.8858
0.608
0.61
42.0512
42.1064
42.1615
42.2166
42.2718
42.3269
0.624
0.626
42.4923
42.5474
42.6026
42.6577
42.7128
42.768
0.64
0.642
42.9334
42.9885
43.0437
43.0988
43.1539
43.2091
0.656
0.658
43.3745
43.4296
43.4847
43.5399
43.595
43.6502
0.672
0.674
43.8156
43.8707
43.9258
43.981
44.0361
44.0912
0.688
0.69
44.2566
44.3118
44.3669
44.4221
44.4772
44.5323
0.704
0.706
44.6977
44.7529
44.808
44.8632
44.9183
44.9734
0.72
0.722
45.1388
45.194
45.2491
45.3042
45.3594
45.4145
0.736
0.738
45.5799
45.6351
45.6902
45.7453
45.8005
45.8556
0.752
0.754
0.756
0.758
0.76
0.762
0.764
0.766
0.768
0.77
0.772
0.774
0.776
0.778
0.78
0.782
0.784
0.786
54.7621
54.838
54.9139
54.9897
55.0656
55.1415
0.8
0.802
55.3691
55.445
55.5208
55.5967
55.6726
55.7485
0.816
0.818
55.9761
56.052
56.1278
56.2037
56.2796
56.3554
0.832
0.834
56.5831
56.6589
56.7348
56.8107
56.8865
56.9624
0.848
0.85
57.19
57.2659
57.3418
57.4176
57.4935
57.5694
0.864
0.866
57.797
57.8729
57.9487
58.0246
58.1005
58.1764
0.88
0.882
58.404
58.4799
58.5557
58.6316
58.7075
58.7833
0.896
0.898
59.011
59.0868
59.1627
59.2386
59.3144
59.3903
0.912
0.914
59.6179
59.6938
59.7697
59.8456
59.9214
59.9973
0.928
0.93
60.2249
60.3008
60.3767
60.4525
60.5284
60.6043
0.944
0.946
60.8319
60.9078
60.9836
61.0595
61.1354
61.2112
0.96
0.962
61.4389
61.5147
61.5906
61.6665
61.7424
61.8182
0.976
0.978
62.0458
62.1217
62.1976
62.2734
62.3493
62.4252
0.992
0.994
62.6528
62.7287
62.8046
62.8804
62.9563
63.0322
1.008
1.01
1.012
1.014
1.016
1.018
1.02
1.022
1.024
1.026
1.028
1.03
1.032
1.034
1.036
1.038
1.04
1.042
69.6785
69.7751
69.8717
69.9683
70.0649
70.1615
1.056
1.058
70.4513
70.548
70.6446
70.7412
70.8378
70.9344
1.072
1.074
71.2242
71.3208
71.4174
71.514
71.6106
71.7072
1.088
1.09
71.9971
72.0937
72.1903
72.2869
72.3835
72.4801
1.104
1.106
72.7699
72.8665
72.9632
73.0598
73.1564
73.253
1.12
1.122
73.5428
73.6394
73.736
73.8326
73.9292
74.0258
1.136
1.138
74.3157
74.4123
74.5089
74.6055
74.7021
74.7987
1.152
1.154
75.0885
75.1851
75.2818
75.3783
75.475
75.5716
1.168
1.17
75.8614
75.958
76.0546
76.1512
76.2478
76.3444
1.184
1.186
76.6343
76.7309
76.8275
76.9241
77.0207
77.1173
1.2
1.202
77.4071
77.5037
77.6003
77.6969
77.7935
77.8902
1.216
1.218
78.18
78.2766
78.3732
78.4698
78.5664
78.663
1.232
1.234
78.9528
79.0495
79.1461
79.2427
79.3393
79.4359
1.248
1.25
79.7257
79.8223
79.9189
80.0155
80.1121
80.2088
1.264
1.266
1.268
1.27
1.272
1.274
1.276
1.278
1.28
1.282
1.284
1.286
1.288
1.29
1.292
1.294
1.296
1.298
84.5948
84.7122
84.8295
84.9469
85.0642
85.1815
1.312
1.314
85.5336
85.6509
85.7683
85.8856
86.003
86.1203
1.328
1.33
86.4723
86.5897
86.707
86.8244
86.9417
87.0591
1.344
1.346
87.4111
87.5284
87.6458
87.7631
87.8805
87.9978
1.36
1.362
88.3498
88.4672
88.5845
88.7019
88.8192
88.9366
1.376
1.378
89.2886
89.4059
89.5233
89.6406
89.758
89.8753
1.392
1.394
90.2273
90.3447
90.462
90.5794
90.6967
90.8141
1.408
1.41
91.1661
91.2834
91.4008
91.5181
91.6355
91.7528
1.424
1.426
92.1048
92.2222
92.3395
92.4569
92.5742
92.6916
1.44
1.442
93.0436
93.1609
93.2783
93.3957
93.513
93.6303
1.456
1.458
93.9824
94.0997
94.217
94.3344
94.4517
94.5691
1.472
1.474
94.9211
95.0385
95.1558
95.2731
95.3905
95.5078
1.488
1.49
95.8598
95.9772
96.0946
96.2119
96.3292
96.4466
1.504
1.506
96.7986
96.9159
97.0333
97.1506
97.268
97.3853
1.52
1.522
1.524
1.526
1.528
1.53
1.532
1.534
1.536
1.538
1.54
1.542
1.544
1.546
1.548
1.55
1.552
1.554
99.5112
99.6493
99.7873
99.9254
100.064
100.202
1.568
1.57
100.616
100.754
100.892
101.03
101.168
101.306
1.584
1.586
101.72
101.859
101.997
102.135
102.273
102.411
1.6
1.602
102.825
102.963
103.101
103.239
103.377
103.516
1.616
1.618
103.93
104.068
104.206
104.344
104.482
104.62
1.632
1.634
105.034
105.172
105.311
105.449
105.587
105.725
1.648
1.65
106.139
106.277
106.415
106.553
106.691
106.829
1.664
1.666
107.244
107.382
107.52
107.658
107.796
107.934
1.68
1.682
108.348
108.486
108.624
108.763
108.901
109.039
1.696
1.698
109.453
109.591
109.729
109.867
110.005
110.143
1.712
1.714
110.558
110.696
110.834
110.972
111.11
111.248
1.728
1.73
111.662
111.8
111.938
112.076
112.215
112.353
1.744
1.746
112.767
112.905
113.043
113.181
113.319
113.457
1.76
1.762
113.872
114.01
114.148
114.286
114.424
114.562
1.776
1.778
1.78
1.782
1.784
1.786
1.788
1.79
1.792
1.794
1.796
1.798
1.8
1.802
1.804
1.806
1.808
1.81
114.428
114.586
114.745
114.904
115.063
115.222
1.824
1.826
115.698
115.857
116.016
116.175
116.333
116.492
1.84
1.842
116.969
117.127
117.286
117.445
117.604
117.763
1.856
1.858
118.239
118.398
118.557
118.716
118.874
119.033
1.872
1.874
119.51
119.668
119.827
119.986
120.145
120.304
1.888
1.89
120.78
120.939
121.098
121.257
121.415
121.574
1.904
1.906
122.051
122.21
122.368
122.527
122.686
122.845
1.92
1.922
123.321
123.48
123.639
123.798
123.957
124.115
1.936
1.938
124.592
124.751
124.909
125.068
125.227
125.386
1.952
1.954
125.862
126.021
126.18
126.339
126.498
126.656
1.968
1.97
127.133
127.292
127.45
127.609
127.768
127.927
1.984
1.986
128.403
128.562
128.721
128.88
129.039
129.197
2
2.002
129.674
129.833
129.992
130.15
130.309
130.468
2.016
2.018
130.944
131.103
131.262
131.421
131.58
131.738
2.032
2.034
2.036
2.038
2.04
2.042
2.044
2.046
2.048
2.05
2.052
2.054
2.056
2.058
2.06
2.062
2.064
2.066
