2160.3
2160.72
2161.14
2161.55
2161.97
2162.38
2162.8
2163.21
2163.63
2164.04
2164.46
2164.87
2165.29
2165.7
0.038
0.04
2166.95
2167.36
2167.78
2168.2
2168.61
2169.03
2169.44
2169.86
2170.27
2170.69
2171.1
2171.52
2171.93
2172.35
0.07
0.072
2173.59
2174.01
2174.42
2174.84
2175.25
2175.67
2176.09
2176.5
2176.92
2177.33
2177.75
2178.16
2178.58
2178.99
0.102
0.104
2180.24
2180.65
2181.07
2181.48
2181.9
2182.31
2182.73
2183.15
2183.56
2183.98
2184.39
2184.81
2185.22
2185.64
0.134
0.136
2186.88
2187.3
2187.71
2188.13
2188.54
2188.96
2189.37
2189.79
2190.21
2190.62
2191.04
2191.45
2191.87
2192.28
0.166
0.168
2193.53
2193.94
2194.36
2194.77
2195.19
2195.6
2196.02
2196.43
2196.85
2197.26
2197.68
2198.1
2198.51
2198.93
0.198
0.2
2200.17
2200.59
2201
2201.42
2201.83
2202.25
2202.66
2203.08
2203.49
2203.91
2204.32
2204.74
2205.15
2205.57
0.23
0.232
2206.82
2207.23
2207.65
2208.06
2208.48
2208.89
2209.31
2209.72
2210.14
2210.55
2210.97
2211.38
2211.8
2212.21
0.262
0.264
2213.46
2213.88
2214.29
2214.71
2215.12
2215.54
2215.95
2216.37
2216.78
2217.2
2217.61
2218.03
2218.44
2218.86
0.294
0.296
2220.11
2220.52
2220.94
2221.35
2221.77
2222.18
2222.6
2223.01
2223.43
2223.84
2224.26
2224.67
2225.09
2225.5
0.326
0.328
2226.75
2227.16
2227.58
2228
2228.41
2228.83
2229.24
2229.66
2230.07
2230.49
2230.9
2231.32
2231.73
2232.15
0.358
0.36
2233.39
2233.81
2234.22
2234.64
2235.06
2235.47
2235.89
2236.3
2236.72
2237.13
2237.55
2237.96
2238.38
2238.79
0.39
0.392
2240.04
2240.45
2240.87
2241.28
2241.7
2242.11
2242.53
2242.95
2243.36
2243.78
2244.19
2244.61
2245.02
2245.44
0.422
0.424
2246.68
2247.1
2247.51
2247.93
2248.34
2248.76
2249.17
2249.59
2250.01
2250.42
2250.84
2251.25
2251.67
2252.08
0.454
0.456
2253.33
2253.74
2254.16
2254.57
2254.99
2255.4
2255.82
2256.23
2256.65
2257.06
2257.48
2257.9
2258.31
2258.73
0.486
0.488
2259.97
2260.39
2260.8
2261.22
2261.63
2262.05
2262.46
2262.88
2263.29
2263.71
2264.12
2264.54
2264.96
2265.37
0.518
0.52
2266.62
2267.03
2267.45
2267.86
2268.28
2268.69
2269.11
2269.52
2269.94
2270.35
2270.77
2271.18
2271.6
2272.02
0.55
0.552
2273.26
2273.68
2274.09
2274.51
2274.92
2275.34
2275.75
2276.17
2276.58
2277
2277.41
2277.83
2278.24
2278.66
0.582
0.584
2279.91
2280.32
2280.74
2281.15
2281.57
2281.98
2282.4
2282.81
2283.23
2283.64
2284.06
2284.47
2284.89
2285.3
0.614
0.616
2286.55
2286.97
2287.38
2287.8
2288.21
2288.63
2289.04
2289.46
2289.87
2290.29
2290.7
2291.12
2291.53
2291.95
0.646
0.648
2293.19
2293.61
2294.02
2294.44
2294.86
2295.27
2295.69
2296.1
2296.52
2296.93
2297.35
2297.76
2298.18
2298.59
0.678
0.68
2299.84
2300.25
2300.67
2301.08
2301.5
2301.92
2302.33
2302.75
2303.16
2303.58
2303.99
2304.41
2304.82
2305.24
0.71
0.712
2306.48
2306.9
2307.31
2307.73
2308.14
2308.56
2308.98
2309.39
2309.81
2310.22
2310.64
2311.05
2311.47
2311.88
0.742
0.744
2313.13
2313.54
2313.96
2314.37
2314.79
2315.2
2315.62
2316.03
2316.45
2316.87
2317.28
2317.7
2318.11
2318.53
0.774
0.776
2319.77
2320.19
2320.6
2321.02
2321.43
2321.85
2322.26
2322.68
2323.09
2323.51
2323.92
2324.34
2324.76
2325.17
0.806
0.808
2326.42
2326.83
2327.25
2327.66
2328.08
2328.49
2328.91
2329.32
2329.74
2330.15
2330.57
2330.98
2331.4
2331.82
0.838
0.84
2333.06
2333.48
2333.89
2334.31
2334.72
2335.14
2335.55
2335.97
2336.38
2336.8
2337.21
2337.63
2338.04
2338.46
0.87
0.872
2339.71
2340.12
2340.54
2340.95
2341.37
2341.78
2342.2
2342.61
2343.03
2343.44
2343.86
2344.27
2344.69
2345.1
0.902
0.904
2346.35
2346.77
2347.18
2347.6
2348.01
2348.43
2348.84
2349.26
2349.67
2350.09
2350.5
2350.92
2351.33
2351.75
0.934
0.936
2352.99
2353.41
2353.83
2354.24
2354.66
2355.07
2355.49
2355.9
2356.32
2356.73
2357.15
2357.56
2357.98
2358.39
0.966
0.968
0.97
0.972
0.974
0.976
0.978
0.98
0.982
0.984
0.986
0.988
0.99
0.992
0.994
0.996
0.998
1
1.002
1.004
1.006
1.008
1.01
1.012
1.014
1.016
1.018
1.02
1.022
1.024
1.026
1.028
1.03
1.032
5364.63
5365.87
5367.12
5368.36
5369.6
5370.85
5372.09
5373.34
5374.58
5375.83
5377.07
5378.32
5379.56
5380.81
1.062
1.064
5384.54
5385.79
5387.03
5388.28
5389.52
5390.77
5392.01
5393.25
5394.5
5395.74
5396.99
5398.23
5399.48
5400.72
1.094
1.096
5404.46
5405.7
5406.95
5408.19
5409.44
5410.68
5411.93
5413.17
5414.42
5415.66
5416.9
5418.15
5419.39
5420.64
1.126
1.128
5424.37
5425.62
5426.86
5428.11
5429.35
5430.6
5431.84
5433.09
5434.33
5435.58
5436.82
5438.06
5439.31
5440.55
1.158
1.16
5444.29
5445.53
5446.78
5448.02
5449.27
5450.51
5451.76
5453
5454.25
5455.49
5456.74
5457.98
5459.22
5460.47
1.19
1.192
5464.2
5465.45
5466.69
5467.94
5469.18
5470.43
5471.67
5472.92
5474.16
5475.41
5476.65
5477.9
5479.14
5480.38
1.222
1.224
5484.12
5485.36
5486.61
5487.85
5489.1
5490.34
5491.59
5492.83
5494.08
5495.32
5496.57
5497.81
5499.06
5500.3
1.254
1.256
5504.03
5505.28
5506.52
5507.77
5509.01
5510.26
5511.5
5512.75
5513.99
5515.24
5516.48
5517.73
5518.97
5520.22
1.286
1.288
5523.95
5525.2
5526.44
5527.68
5528.93
5530.17
5531.42
5532.66
5533.91
5535.15
5536.4
5537.64
5538.89
5540.13
1.318
1.32
5543.87
5545.11
5546.36
5547.6
5548.84
5550.09
5551.33
5552.58
5553.82
5555.07
5556.31
5557.56
5558.8
5560.05
1.35
1.352
5563.78
5565.03
5566.27
5567.52
5568.76
5570
5571.25
5572.49
5573.74
5574.98
5576.23
5577.47
5578.72
5579.96
1.382
1.384
5583.7
5584.94
5586.19
5587.43
5588.68
5589.92
5591.17
5592.41
5593.65
5594.9
5596.14
5597.39
5598.63
5599.88
1.414
1.416
5603.61
5604.86
5606.1
5607.35
5608.59
5609.84
5611.08
5612.33
5613.57
5614.81
5616.06
5617.3
5618.55
5619.79
1.446
1.448
5623.53
5624.77
5626.02
5627.26
5628.51
5629.75
5631
5632.24
5633.49
5634.73
5635.98
5637.22
5638.46
5639.71
1.478
1.48
5643.44
5644.69
5645.93
5647.18
5648.42
5649.67
5650.91
5652.16
5653.4
5654.65
5655.89
5657.14
5658.38
5659.62
1.51
1.512
5663.36
5664.6
5665.85
5667.09
5668.34
5669.58
5670.83
5672.07
5673.32
5674.56
5675.81
5677.05
5678.3
5679.54
1.542
1.544
5683.27
5684.52
5685.76
5687.01
5688.25
5689.5
5690.74
5691.99
5693.23
5694.48
5695.72
5696.97
5698.21
5699.46
1.574
1.576
5703.19
5704.43
5705.68
5706.92
5708.17
5709.41
5710.66
5711.9
5713.15
5714.39
5715.64
5716.88
5718.13
5719.37
1.606
1.608
5723.1
5724.35
5725.59
5726.84
5728.08
5729.33
5730.57
5731.82
5733.06
5734.31
5735.55
5736.8
5738.04
5739.29
1.638
1.64
5743.02
5744.27
5745.51
5746.76
5748
5749.24
5750.49
5751.73
5752.98
5754.22
5755.47
5756.71
5757.96
5759.2
1.67
1.672
5762.94
5764.18
5765.43
5766.67
5767.92
5769.16
5770.4
5771.65
5772.89
5774.14
5775.38
5776.63
5777.87
5779.12
1.702
1.704
5782.85
5784.1
5785.34
5786.59
5787.83
5789.08
5790.32
5791.57
5792.81
5794.05
5795.3
5796.54
5797.79
5799.03
1.734
1.736
5802.77
5804.01
5805.26
5806.5
5807.75
5808.99
5810.24
5811.48
5812.72
5813.97
5815.21
5816.46
5817.7
5818.95
1.766
1.768
5822.68
5823.93
5825.17
5826.42
5827.66
5828.91
5830.15
5831.4
5832.64
5833.89
5835.13
5836.37
5837.62
5838.86
1.798
1.8
5842.6
5843.84
5845.09
5846.33
5847.58
5848.82
5850.07
5851.31
5852.56
5853.8
5855.05
5856.29
5857.54
5858.78
1.83
1.832
5862.51
5863.76
5865
5866.25
5867.49
5868.74
5869.98
5871.23
5872.47
5873.72
5874.96
5876.21
5877.45
5878.7
1.862
1.864
5882.43
5883.67
5884.92
5886.16
5887.41
5888.65
5889.9
5891.14
5892.39
5893.63
5894.88
5896.12
5897.37
5898.61
1.894
1.896
5902.34
5903.59
5904.83
5906.08
5907.32
5908.57
5909.81
5911.06
5912.3
5913.55
5914.79
5916.04
5917.28
5918.53
1.926
1.928
5922.26
5923.51
5924.75
5926
5927.24
5928.48
5929.73
5930.97
5932.22
5933.46
5934.71
5935.95
5937.2
5938.44
1.958
1.96
5942.18
5943.42
5944.67
5945.91
5947.16
5948.4
5949.64
5950.89
5952.13
5953.38
5954.62
5955.87
5957.11
5958.36
1.99
1.992
1.994
1.996
1.998
2
2.002
2.004
2.006
2.008
2.01
2.012
2.014
2.016
2.018
2.02
2.022
2.024
2.026
2.028
2.03
2.032
2.034
2.036
2.038
2.04
2.042
2.044
2.046
2.048
2.05
2.052
2.054
2.056
8568.95
8571.02
8573.1
8575.17
8577.24
8579.32
8581.39
8583.47
8585.54
8587.62
8589.69
8591.76
8593.84
8595.91
2.086
2.088
8602.13
8604.21
8606.28
8608.36
8610.43
8612.5
8614.58
8616.65
8618.73
8620.8
8622.88
8624.95
8627.02
8629.1
2.118
2.12
8635.32
8637.39
8639.47
8641.54
8643.62
8645.69
8647.76
8649.84
8651.91
8653.99
8656.06
8658.14
8660.21
8662.29
2.15
2.152
8668.51
8670.58
8672.66
8674.73
8676.8
8678.88
8680.95
8683.03
8685.1
8687.17
8689.25
8691.32
8693.4
8695.47
2.182
2.184
8701.69
8703.77
8705.84
8707.92
8709.99
8712.06
8714.14
8716.21
8718.29
8720.36
8722.44
8724.51
8726.58
8728.66
2.214
2.216
8734.88
8736.95
8739.03
8741.1
8743.18
8745.25
8747.33
8749.4
8751.47
8753.55
8755.62
8757.7
8759.77
8761.84
2.246
2.248
8768.07
8770.14
8772.21
8774.29
8776.36
8778.44
8780.51
8782.59
8784.66
8786.73
8788.81
8790.88
8792.96
8795.03
2.278
2.28
8801.25
8803.33
8805.4
8807.48
8809.55
8811.62
8813.7
8815.77
8817.85
8819.92
8821.99
8824.07
8826.14
8828.22
2.31
2.312
8834.44
8836.51
8838.59
8840.66
8842.74
8844.81
8846.88
8848.96
8851.03
8853.11
8855.18
8857.26
8859.33
8861.4
2.342
2.344
8867.63
8869.7
8871.77
8873.85
8875.92
8878
8880.07
8882.14
8884.22
8886.29
8888.37
8890.44
8892.52
8894.59
2.374
2.376
8900.81
8902.89
8904.96
8907.04
8909.11
8911.18
8913.26
8915.33
8917.41
8919.48
8921.55
8923.63
8925.7
8927.78
2.406
2.408
8934
8936.07
8938.15
8940.22
8942.3
8944.37
8946.44
8948.52
8950.59
8952.67
8954.74
8956.82
8958.89
8960.96
2.438
2.44
8967.19
8969.26
8971.33
8973.41
8975.48
8977.56
8979.63
8981.71
8983.78
8985.85
8987.93
8990
8992.08
8994.15
2.47
2.472
9000.37
9002.45
9004.52
9006.6
9008.67
9010.74
9012.82
9014.89
9016.97
9019.04
9021.11
9023.19
9025.26
9027.34
2.502
2.504
9033.56
9035.63
9037.71
9039.78
9041.86
9043.93
9046
9048.08
9050.15
9052.23
9054.3
9056.38
9058.45
9060.52
2.534
2.536
9066.75
9068.82
9070.89
9072.97
9075.04
9077.12
9079.19
9081.26
9083.34
9085.41
9087.49
9089.56
9091.63
9093.71
2.566
2.568
9099.93
9102.01
9104.08
9106.15
9108.23
9110.3
9112.38
9114.45
9116.53
9118.6
9120.67
9122.75
9124.82
9126.9
2.598
2.6
9133.12
9135.19
9137.27
9139.34
9141.42
9143.49
9145.56
9147.64
9149.71
9151.79
9153.86
9155.93
9158.01
9160.08
2.63
2.632
9166.31
9168.38
9170.45
9172.53
9174.6
9176.68
9178.75
9180.82
9182.9
9184.97
9187.05
9189.12
9191.2
9193.27
2.662
2.664
9199.49
9201.57
9203.64
9205.71
9207.79
9209.86
9211.94
9214.01
9216.09
9218.16
9220.23
9222.31
9224.38
9226.46
2.694
2.696
9232.68
9234.75
9236.83
9238.9
9240.98
9243.05
9245.12
9247.2
9249.27
9251.35
9253.42
9255.49
9257.57
9259.64
2.726
2.728
9265.87
9267.94
9270.01
9272.09
9274.16
9276.24
9278.31
9280.38
9282.46
9284.53
9286.61
9288.68
9290.75
9292.83
2.758
2.76
9299.05
9301.12
9303.2
9305.27
9307.35
9309.42
9311.5
9313.57
9315.64
9317.72
9319.79
9321.87
9323.94
9326.02
2.79
2.792
9332.24
9334.31
9336.39
9338.46
9340.54
9342.61
9344.68
9346.76
9348.83
9350.9
9352.98
9355.05
9357.13
9359.2
2.822
2.824
9365.42
9367.5
9369.57
9371.65
9373.72
9375.79
9377.87
9379.94
9382.02
9384.09
9386.17
9388.24
9390.31
9392.39
2.854
2.856
9398.61
9400.69
9402.76
9404.83
9406.91
9408.98
9411.06
9413.13
9415.2
9417.28
9419.35
9421.43
9423.5
9425.58
2.886
2.888
9431.8
9433.87
9435.95
9438.02
9440.09
9442.17
9444.24
9446.32
9448.39
9450.47
9452.54
9454.61
9456.69
9458.76
2.918
2.92
9464.98
9467.06
9469.13
9471.21
9473.28
9475.36
9477.43
9479.5
9481.58
9483.65
9485.73
9487.8
9489.87
9491.95
2.95
2.952
9498.17
9500.25
9502.32
9504.39
9506.47
9508.54
9510.62
9512.69
9514.76
9516.84
9518.91
9520.99
9523.06
9525.13
2.982
2.984
9531.36
9533.43
9535.51
9537.58
9539.65
9541.73
9543.8
9545.88
9547.95
9550.02
9552.1
9554.17
9556.25
9558.32
3.014
3.016
3.018
3.02
3.022
3.024
3.026
3.028
3.03
3.032
3.034
3.036
3.038
3.04
3.042
3.044
3.046
3.048
3.05
3.052
3.054
3.056
3.058
3.06
3.062
3.064
3.066
3.068
3.07
3.072
3.074
3.076
3.078
3.08
11773.3
11776.2
11779.1
11782
11784.9
11787.8
11790.7
11793.6
11796.5
11799.4
11802.3
11805.2
11808.1
11811
3.11
3.112
11819.7
11822.6
11825.5
11828.4
11831.3
11834.2
11837.1
11840.1
11843
11845.9
11848.8
11851.7
11854.6
11857.5
3.142
3.144
11866.2
11869.1
11872
11874.9
11877.8
11880.7
11883.6
11886.5
11889.4
11892.3
11895.2
11898.1
11901
11903.9
3.174
3.176
11912.6
11915.5
11918.4
11921.4
11924.3
11927.2
11930.1
11933
11935.9
11938.8
11941.7
11944.6
11947.5
11950.4
3.206
3.208
11959.1
11962
11964.9
11967.8
11970.7
11973.6
11976.5
11979.4
11982.3
11985.2
11988.1
11991
11993.9
11996.8
3.238
3.24
12005.6
12008.5
12011.4
12014.3
12017.2
12020.1
12023
12025.9
12028.8
12031.7
12034.6
12037.5
12040.4
12043.3
3.27
3.272
12052
12054.9
12057.8
12060.7
12063.6
12066.5
12069.4
12072.3
12075.2
12078.1
12081
12084
12086.9
12089.8
3.302
3.304
12098.5
12101.4
12104.3
12107.2
12110.1
12113
12115.9
12118.8
12121.7
12124.6
12127.5
12130.4
12133.3
12136.2
3.334
3.336
12144.9
12147.8
12150.7
12153.6
12156.5
12159.4
12162.4
12165.3
12168.2
12171.1
12174
12176.9
12179.8
12182.7
3.366
3.368
12191.4
12194.3
12197.2
12200.1
12203
12205.9
12208.8
12211.7
12214.6
12217.5
12220.4
12223.3
12226.2
12229.1
3.398
3.4
12237.8
12240.7
12243.7
12246.6
12249.5
12252.4
12255.3
12258.2
12261.1
12264
12266.9
12269.8
12272.7
12275.6
3.43
3.432
12284.3
12287.2
12290.1
12293
12295.9
12298.8
12301.7
12304.6
12307.5
12310.4
12313.3
12316.2
12319.1
12322
3.462
3.464
12330.8
12333.7
12336.6
12339.5
12342.4
12345.3
12348.2
12351.1
12354
12356.9
12359.8
12362.7
12365.6
12368.5
3.494
3.496
12377.2
12380.1
12383
12385.9
12388.8
12391.7
12394.6
12397.5
12400.4
12403.3
12406.3
12409.2
12412.1
12415
3.526
3.528
12423.7
12426.6
12429.5
12432.4
12435.3
12438.2
12441.1
12444
12446.9
12449.8
12452.7
12455.6
12458.5
12461.4
3.558
3.56
12470.1
12473
12475.9
12478.8
12481.7
12484.7
12487.6
12490.5
12493.4
12496.3
12499.2
12502.1
12505
12507.9
3.59
3.592
12516.6
12519.5
12522.4
12525.3
12528.2
12531.1
12534
12536.9
12539.8
12542.7
12545.6
12548.5
12551.4
12554.3
3.622
3.624
12563
12566
12568.9
12571.8
12574.7
12577.6
12580.5
12583.4
12586.3
12589.2
12592.1
12595
12597.9
12600.8
3.654
3.656
12609.5
12612.4
12615.3
12618.2
12621.1
12624
12626.9
12629.8
12632.7
12635.6
12638.5
12641.4
12644.3
12647.3
3.686
3.688
12656
12658.9
12661.8
12664.7
12667.6
12670.5
12673.4
12676.3
12679.2
12682.1
12685
12687.9
12690.8
12693.7
3.718
3.72
12702.4
12705.3
12708.2
12711.1
12714
12716.9
12719.8
12722.7
12725.6
12728.6
12731.5
12734.4
12737.3
12740.2
3.75
3.752
12748.9
12751.8
12754.7
12757.6
12760.5
12763.4
12766.3
12769.2
12772.1
12775
12777.9
12780.8
12783.7
12786.6
3.782
3.784
12795.3
12798.2
12801.1
12804
12807
12809.9
12812.8
12815.7
12818.6
12821.5
12824.4
12827.3
12830.2
12833.1
3.814
3.816
12841.8
12844.7
12847.6
12850.5
12853.4
12856.3
12859.2
12862.1
12865
12867.9
12870.8
12873.7
12876.6
12879.5
3.846
3.848
12888.3
12891.2
12894.1
12897
12899.9
12902.8
12905.7
12908.6
12911.5
12914.4
12917.3
12920.2
12923.1
12926
3.878
3.88
12934.7
12937.6
12940.5
12943.4
12946.3
12949.2
12952.1
12955
12957.9
12960.8
12963.7
12966.6
12969.6
12972.5
3.91
3.912
12981.2
12984.1
12987
12989.9
12992.8
12995.7
12998.6
13001.5
13004.4
13007.3
13010.2
13013.1
13016
13018.9
3.942
3.944
13027.6
13030.5
13033.4
13036.3
13039.2
13042.1
13045
13047.9
13050.9
13053.8
13056.7
13059.6
13062.5
13065.4
3.974
3.976
13074.1
13077
13079.9
13082.8
13085.7
13088.6
13091.5
13094.4
13097.3
13100.2
13103.1
13106
13108.9
13111.8
4.006
4.008
13120.5
13123.4
13126.3
13129.2
13132.2
13135.1
13138
13140.9
13143.8
13146.7
13149.6
13152.5
13155.4
13158.3
4.038
4.04
4.042
4.044
4.046
4.048
4.05
4.052
4.054
4.056
4.058
4.06
4.062
4.064
4.066
4.068
4.07
4.072
4.074
4.076
4.078
4.08
4.082
4.084
4.086
4.088
4.09
4.092
4.094
4.096
4.098
4.1
4.102
4.104
14977.6
14981.3
14985.1
14988.8
14992.5
14996.3
15000
15003.7
15007.5
15011.2
15014.9
15018.7
15022.4
15026.1
4.134
4.136
15037.3
15041.1
15044.8
15048.5
15052.2
15056
15059.7
15063.4
15067.2
15070.9
15074.6
15078.4
15082.1
15085.8
4.166
4.168
15097
15100.8
15104.5
15108.2
15112
15115.7
15119.4
15123.2
15126.9
15130.6
15134.4
15138.1
15141.8
15145.6
4.198
4.2
15156.8
15160.5
15164.2
15168
15171.7
15175.4
15179.2
15182.9
15186.6
15190.4
15194.1
15197.8
15201.6
15205.3
4.23
4.232
15216.5
15220.2
15224
15227.7
15231.4
15235.2
15238.9
15242.6
15246.4
15250.1
15253.8
15257.6
15261.3
15265
4.262
4.264
15276.2
15280
15283.7
15287.4
15291.2
15294.9
15298.6
15302.4
15306.1
15309.8
15313.6
15317.3
15321
15324.8
4.294
4.296
15336
15339.7
15343.4
15347.2
15350.9
15354.6
15358.4
15362.1
15365.8
15369.6
15373.3
15377
15380.8
15384.5
4.326
4.328
15395.7
15399.4
15403.2
15406.9
15410.6
15414.4
15418.1
15421.8
15425.6
15429.3
15433
15436.8
15440.5
15444.2
4.358
4.36
15455.4
15459.2
15462.9
15466.6
15470.4
15474.1
15477.8
15481.6
15485.3
15489
15492.7
15496.5
15500.2
15503.9
4.39
4.392
15515.1
15518.9
15522.6
15526.3
15530.1
15533.8
15537.5
15541.3
15545
15548.7
15552.5
15556.2
15559.9
15563.7
4.422
4.424
15574.9
15578.6
15582.3
15586.1
15589.8
15593.5
15597.3
15601
15604.7
15608.5
15612.2
15615.9
15619.7
15623.4
4.454
4.456
15634.6
15638.3
15642.1
15645.8
15649.5
15653.3
15657
15660.7
15664.5
15668.2
15671.9
15675.7
15679.4
15683.1
4.486
4.488
15694.3
15698.1
15701.8
15705.5
15709.3
15713
15716.7
15720.5
15724.2
15727.9
15731.7
15735.4
15739.1
15742.9
4.518
4.52
15754.1
15757.8
15761.5
15765.3
15769
15772.7
15776.5
15780.2
15783.9
15787.7
15791.4
15795.1
15798.9
15802.6
4.55
4.552
15813.8
15817.5
15821.3
15825
15828.7
15832.5
15836.2
15839.9
15843.7
15847.4
15851.1
15854.9
15858.6
15862.3
4.582
4.584
15873.5
15877.3
15881
15884.7
15888.5
15892.2
15895.9
15899.7
15903.4
15907.1
15910.8
15914.6
15918.3
15922
4.614
4.616
15933.2
15937
15940.7
15944.4
15948.2
15951.9
15955.6
15959.4
15963.1
15966.8
15970.6
15974.3
15978
15981.8
4.646
4.648
15993
15996.7
16000.4
16004.2
16007.9
16011.6
16015.4
16019.1
16022.8
16026.6
16030.3
16034
16037.8
16041.5
4.678
4.68
16052.7
16056.4
16060.2
16063.9
16067.6
16071.4
16075.1
16078.8
16082.6
16086.3
16090
16093.8
16097.5
16101.2
4.71
4.712
16112.4
16116.2
16119.9
16123.6
16127.4
16131.1
16134.8
16138.6
16142.3
16146
16149.8
16153.5
16157.2
16161
4.742
4.744
16172.2
16175.9
16179.6
16183.4
16187.1
16190.8
16194.6
16198.3
16202
16205.8
16209.5
16213.2
16217
16220.7
4.774
4.776
16231.9
16235.6
16239.4
16243.1
16246.8
16250.6
16254.3
16258
16261.8
16265.5
16269.2
16273
16276.7
16280.4
4.806
4.808
16291.6
16295.4
16299.1
16302.8
16306.6
16310.3
16314
16317.8
16321.5
16325.2
16329
16332.7
16336.4
16340.2
4.838
4.84
16351.3
16355.1
16358.8
16362.5
16366.3
16370
16373.7
16377.5
16381.2
16384.9
16388.7
16392.4
16396.1
16399.9
4.87
4.872
16411.1
16414.8
16418.5
16422.3
16426
16429.7
16433.5
16437.2
16440.9
16444.7
16448.4
16452.1
16455.9
16459.6
4.902
4.904
16470.8
16474.5
16478.3
16482
16485.7
16489.5
16493.2
16496.9
16500.7
16504.4
16508.1
16511.9
16515.6
16519.3
4.934
4.936
16530.5
16534.3
16538
16541.7
16545.5
16549.2
16552.9
16556.7
16560.4
16564.1
16567.9
16571.6
16575.3
16579.1
4.966
4.968
16590.3
16594
16597.7
16601.5
16605.2
16608.9
16612.7
16616.4
16620.1
16623.9
16627.6
16631.3
16635.1
16638.8
4.998
5
16650
16653.7
16657.5
16661.2
16664.9
16668.7
16672.4
16676.1
16679.9
16683.6
16687.3
16691.1
16694.8
16698.5
5.03
5.032
16709.7
16713.5
16717.2
16720.9
16724.7
16728.4
16732.1
16735.9
16739.6
16743.3
16747.1
16750.8
16754.5
16758.2
5.062
5.064
5.066
5.068
5.07
5.072
5.074
5.076
5.078
5.08
5.082
5.084
5.086
5.088
5.09
5.092
5.094
5.096
5.098
5.1
5.102
5.104
5.106
5.108
5.11
5.112
5.114
5.116
5.118
5.12
5.122
5.124
5.126
5.128
18181.9
18186.5
18191
18195.6
18200.2
18204.7
18209.3
18213.8
18218.4
18223
18227.5
18232.1
18236.7
18241.2
5.158
5.16
18254.9
18259.5
18264
18268.6
18273.2
18277.7
18282.3
18286.8
18291.4
18296
18300.5
18305.1
18309.7
18314.2
5.19
5.192
18327.9
18332.5
18337
18341.6
18346.2
18350.7
18355.3
18359.8
18364.4
18369
18373.5
18378.1
18382.7
18387.2
5.222
5.224
18400.9
18405.5
18410
18414.6
18419.2
18423.7
18428.3
18432.8
18437.4
18442
18446.5
18451.1
18455.7
18460.2
5.254
5.256
18473.9
18478.5
18483
18487.6
18492.2
18496.7
18501.3
18505.8
18510.4
18515
18519.5
18524.1
18528.7
18533.2
5.286
5.288
18546.9
18551.5
18556
18560.6
18565.2
18569.7
18574.3
18578.8
18583.4
18588
18592.5
18597.1
18601.7
18606.2
5.318
5.32
18619.9
18624.5
18629
18633.6
18638.2
18642.7
18647.3
18651.8
18656.4
18661
18665.5
18670.1
18674.7
18679.2
5.35
5.352
18692.9
18697.5
18702
18706.6
18711.2
18715.7
18720.3
18724.8
18729.4
18734
18738.5
18743.1
18747.7
18752.2
5.382
5.384
18765.9
18770.5
18775
18779.6
18784.2
18788.7
18793.3
18797.8
18802.4
18807
18811.5
18816.1
18820.7
18825.2
5.414
5.416
18838.9
18843.5
18848
18852.6
18857.2
18861.7
18866.3
18870.8
18875.4
18880
18884.5
18889.1
18893.7
18898.2
5.446
5.448
18911.9
18916.5
18921
18925.6
18930.2
18934.7
18939.3
18943.8
18948.4
18953
18957.5
18962.1
18966.7
18971.2
5.478
5.48
18984.9
18989.5
18994
18998.6
19003.2
19007.7
19012.3
19016.8
19021.4
19026
19030.5
19035.1
19039.7
19044.2
5.51
5.512
19057.9
19062.5
19067
19071.6
19076.2
19080.7
19085.3
19089.8
19094.4
19099
19103.5
19108.1
19112.7
19117.2
5.542
5.544
19130.9
19135.5
19140
19144.6
19149.2
19153.7
19158.3
19162.8
19167.4
19172
19176.5
19181.1
19185.7
19190.2
5.574
5.576
19203.9
19208.5
19213
19217.6
19222.2
19226.7
19231.3
19235.8
19240.4
19245
19249.5
19254.1
19258.7
19263.2
5.606
5.608
19276.9
19281.5
19286
19290.6
19295.2
19299.7
19304.3
19308.8
19313.4
19318
19322.5
19327.1
19331.7
19336.2
5.638
5.64
19349.9
19354.5
19359
19363.6
19368.2
19372.7
19377.3
19381.8
19386.4
19391
19395.5
19400.1
19404.7
19409.2
5.67
5.672
19422.9
19427.5
19432
19436.6
19441.2
19445.7
19450.3
19454.8
19459.4
19464
19468.5
19473.1
19477.7
19482.2
5.702
5.704
19495.9
19500.5
19505
19509.6
19514.2
19518.7
19523.3
19527.8
19532.4
19537
19541.5
19546.1
19550.7
19555.2
5.734
5.736
19568.9
19573.5
19578
19582.6
19587.2
19591.7
19596.3
19600.8
19605.4
19610
19614.5
19619.1
19623.7
19628.2
5.766
5.768
19641.9
19646.5
19651
19655.6
19660.2
19664.7
19669.3
19673.8
19678.4
19683
19687.5
19692.1
19696.7
19701.2
5.798
5.8
19714.9
19719.5
19724
19728.6
19733.2
19737.7
19742.3
19746.8
19751.4
19756
19760.5
19765.1
19769.7
19774.2
5.83
5.832
19787.9
19792.5
19797
19801.6
19806.2
19810.7
19815.3
19819.8
19824.4
19829
19833.5
19838.1
19842.7
19847.2
5.862
5.864
19860.9
19865.5
19870
19874.6
19879.2
19883.7
19888.3
19892.8
19897.4
19902
19906.5
19911.1
19915.7
19920.2
5.894
5.896
19933.9
19938.5
19943
19947.6
19952.2
19956.7
19961.3
19965.8
19970.4
19975
19979.5
19984.1
19988.7
19993.2
5.926
5.928
20006.9
20011.5
20016
20020.6
20025.2
20029.7
20034.3
20038.8
20043.4
20048
20052.5
20057.1
20061.7
20066.2
5.958
5.96
20079.9
20084.5
20089
20093.6
20098.2
20102.7
20107.3
20111.8
20116.4
20121
20125.5
20130.1
20134.7
20139.2
5.99
5.992
20152.9
20157.5
20162
20166.6
20171.2
20175.7
20180.3
20184.8
20189.4
20194
20198.5
20203.1
20207.7
20212.2
6.022
6.024
20225.9
20230.5
20235
20239.6
20244.2
20248.7
20253.3
20257.8
20262.4
20267
20271.5
20276.1
20280.7
20285.2
6.054
6.056
20298.9
20303.5
20308
20312.6
20317.2
20321.7
20326.3
20330.8
20335.4
20340
20344.5
20349.1
20353.7
20358.2
6.086
6.088
6.09
6.092
6.094
6.096
6.098
6.1
6.102
6.104
6.106
6.108
6.11
6.112
6.114
6.116
6.118
6.12
6.122
6.124
6.126
6.128
6.13
6.132
6.134
6.136
6.138
6.14
6.142
6.144
6.146
6.148
6.15
6.152
21386.2
21391.6
21397
21402.4
21407.8
21413.2
21418.6
21424
21429.4
21434.8
21440.2
21445.5
21450.9
21456.3
6.182
6.184
21472.5
21477.9
21483.3
21488.7
21494.1
21499.5
21504.9
21510.2
21515.6
21521
21526.4
21531.8
21537.2
21542.6
6.214
6.216
21558.8
21564.2
21569.6
21574.9
21580.3
21585.7
21591.1
21596.5
21601.9
21607.3
21612.7
21618.1
21623.5
21628.9
6.246
6.248
21645
21650.4
21655.8
21661.2
21666.6
21672
21677.4
21682.8
21688.2
21693.6
21699
21704.4
21709.7
21715.1
6.278
6.28
21731.3
21736.7
21742.1
21747.5
21752.9
21758.3
21763.7
21769.1
21774.4
21779.8
21785.2
21790.6
21796
21801.4
6.31
6.312
21817.6
21823
21828.4
21833.8
21839.2
21844.5
21849.9
21855.3
21860.7
21866.1
21871.5
21876.9
21882.3
21887.7
6.342
6.344
21903.9
21909.2
21914.6
21920
21925.4
21930.8
21936.2
21941.6
21947
21952.4
21957.8
21963.2
21968.6
21974
6.374
6.376
21990.1
21995.5
22000.9
22006.3
22011.7
22017.1
22022.5
22027.9
22033.3
22038.7
22044
22049.4
22054.8
22060.2
6.406
6.408
22076.4
22081.8
22087.2
22092.6
22098
22103.4
22108.8
22114.1
22119.5
22124.9
22130.3
22135.7
22141.1
22146.5
6.438
6.44
22162.7
22168.1
22173.5
22178.8
22184.2
22189.6
22195
22200.4
22205.8
22211.2
22216.6
22222
22227.4
22232.8
6.47
6.472
22248.9
22254.3
22259.7
22265.1
22270.5
22275.9
22281.3
22286.7
22292.1
22297.5
22302.9
22308.2
22313.6
22319
6.502
6.504
22335.2
22340.6
22346
22351.4
22356.8
22362.2
22367.6
22373
22378.3
22383.7
22389.1
22394.5
22399.9
22405.3
6.534
6.536
22421.5
22426.9
22432.3
22437.7
22443
22448.4
22453.8
22459.2
22464.6
22470
22475.4
22480.8
22486.2
22491.6
6.566
6.568
22507.8
22513.1
22518.5
22523.9
22529.3
22534.7
22540.1
22545.5
22550.9
22556.3
22561.7
22567.1
22572.5
22577.8
6.598
6.6
22594
22599.4
22604.8
22610.2
22615.6
22621
22626.4
22631.8
22637.2
22642.6
22647.9
22653.3
22658.7
22664.1
6.63
6.632
22680.3
22685.7
22691.1
22696.5
22701.9
22707.3
22712.6
22718
22723.4
22728.8
22734.2
22739.6
22745
22750.4
6.662
6.664
22766.6
22772
22777.3
22782.7
22788.1
22793.5
22798.9
22804.3
22809.7
22815.1
22820.5
22825.9
22831.3
22836.7
6.694
6.696
22852.8
22858.2
22863.6
22869
22874.4
22879.8
22885.2
22890.6
22896
22901.4
22906.8
22912.1
22917.5
22922.9
6.726
6.728
22939.1
22944.5
22949.9
22955.3
22960.7
22966.1
22971.5
22976.8
22982.2
22987.6
22993
22998.4
23003.8
23009.2
6.758
6.76
23025.4
23030.8
23036.2
23041.6
23046.9
23052.3
23057.7
23063.1
23068.5
23073.9
23079.3
23084.7
23090.1
23095.5
6.79
6.792
23111.6
23117
23122.4
23127.8
23133.2
23138.6
23144
23149.4
23154.8
23160.2
23165.6
23171
23176.3
23181.7
6.822
6.824
23197.9
23203.3
23208.7
23214.1
23219.5
23224.9
23230.3
23235.7
23241.1
23246.4
23251.8
23257.2
23262.6
23268
6.854
6.856
23284.2
23289.6
23295
23300.4
23305.8
23311.1
23316.5
23321.9
23327.3
23332.7
23338.1
23343.5
23348.9
23354.3
6.886
6.888
23370.5
23375.8
23381.2
23386.6
23392
23397.4
23402.8
23408.2
23413.6
23419
23424.4
23429.8
23435.2
23440.6
6.918
6.92
23456.7
23462.1
23467.5
23472.9
23478.3
23483.7
23489.1
23494.5
23499.9
23505.3
23510.6
23516
23521.4
23526.8
6.95
6.952
23543
23548.4
23553.8
23559.2
23564.6
23570
23575.4
23580.7
23586.1
23591.5
23596.9
23602.3
23607.7
23613.1
6.982
6.984
23629.3
23634.7
23640.1
23645.4
23650.8
23656.2
23661.6
23667
23672.4
23677.8
23683.2
23688.6
23694
23699.4
7.014
7.016
23715.5
23720.9
23726.3
23731.7
23737.1
23742.5
23747.9
23753.3
23758.7
23764.1
23769.5
23774.9
23780.2
23785.6
7.046
7.048
23801.8
23807.2
23812.6
23818
23823.4
23828.8
23834.2
23839.6
23844.9
23850.3
23855.7
23861.1
23866.5
23871.9
7.078
7.08
23888.1
23893.5
23898.9
23904.3
23909.7
23915
23920.4
23925.8
23931.2
23936.6
23942
23947.4
23952.8
23958.2
7.11
7.112
7.114
7.116
7.118
7.12
7.122
7.124
7.126
7.128
7.13
7.132
7.134
7.136
7.138
7.14
7.142
7.144
7.146
7.148
7.15
7.152
7.154
7.156
7.158
7.16
7.162
7.164
7.166
7.168
7.17
7.172
7.174
7.176
24590.6
24596.8
24603
24609.2
24615.4
24621.7
24627.9
24634.1
24640.3
24646.5
24652.8
24659
24665.2
24671.4
7.206
7.208
24690.1
24696.3
24702.5
24708.8
24715
24721.2
24727.4
24733.6
24739.9
24746.1
24752.3
24758.5
24764.8
24771
7.238
7.24
24789.6
24795.9
24802.1
24808.3
24814.5
24820.7
24827
24833.2
24839.4
24845.6
24851.9
24858.1
24864.3
24870.5
7.27
7.272
24889.2
24895.4
24901.6
24907.8
24914.1
24920.3
24926.5
24932.7
24938.9
24945.2
24951.4
24957.6
24963.8
24970.1
7.302
7.304
24988.7
24994.9
25001.2
25007.4
25013.6
25019.8
25026
25032.3
25038.5
25044.7
25050.9
25057.2
25063.4
25069.6
7.334
7.336
25088.3
25094.5
25100.7
25106.9
25113.1
25119.4
25125.6
25131.8
25138
25144.3
25150.5
25156.7
25162.9
25169.1
7.366
7.368
25187.8
25194
25200.2
25206.5
25212.7
25218.9
25225.1
25231.4
25237.6
25243.8
25250
25256.2
25262.5
25268.7
7.398
7.4
25287.3
25293.6
25299.8
25306
25312.2
25318.5
25324.7
25330.9
25337.1
25343.3
25349.6
25355.8
25362
25368.2
7.43
7.432
25386.9
25393.1
25399.3
25405.6
25411.8
25418
25424.2
25430.4
25436.7
25442.9
25449.1
25455.3
25461.5
25467.8
7.462
7.464
25486.4
25492.7
25498.9
25505.1
25511.3
25517.5
25523.8
25530
25536.2
25542.4
25548.6
25554.9
25561.1
25567.3
7.494
7.496
25586
25592.2
25598.4
25604.6
25610.9
25617.1
25623.3
25629.5
25635.7
25642
25648.2
25654.4
25660.6
25666.8
7.526
7.528
25685.5
25691.7
25698
25704.2
25710.4
25716.6
25722.8
25729.1
25735.3
25741.5
25747.7
25753.9
25760.2
25766.4
7.558
7.56
25785.1
25791.3
25797.5
25803.7
25809.9
25816.2
25822.4
25828.6
25834.8
25841
25847.3
25853.5
25859.7
25865.9
7.59
7.592
25884.6
25890.8
25897
25903.3
25909.5
25915.7
25921.9
25928.1
25934.4
25940.6
25946.8
25953
25959.3
25965.5
7.622
7.624
25984.1
25990.4
25996.6
26002.8
26009
26015.2
26021.5
26027.7
26033.9
26040.1
26046.4
26052.6
26058.8
26065
7.654
7.656
26083.7
26089.9
26096.1
26102.3
26108.6
26114.8
26121
26127.2
26133.5
26139.7
26145.9
26152.1
26158.3
26164.6
7.686
7.688
26183.2
26189.4
26195.7
26201.9
26208.1
26214.3
26220.6
26226.8
26233
26239.2
26245.4
26251.7
26257.9
26264.1
7.718
7.72
26282.8
26289
26295.2
26301.4
26307.6
26313.9
26320.1
26326.3
26332.5
26338.8
26345
26351.2
26357.4
26363.6
7.75
7.752
26382.3
26388.5
26394.7
26401
26407.2
26413.4
26419.6
26425.9
26432.1
26438.3
26444.5
26450.7
26457
26463.2
7.782
7.784
26481.8
26488.1
26494.3
26500.5
26506.7
26513
26519.2
26525.4
26531.6
26537.8
26544.1
26550.3
26556.5
26562.7
7.814
7.816
26581.4
26587.6
26593.8
26600.1
26606.3
26612.5
26618.7
26624.9
26631.2
26637.4
26643.6
26649.8
26656
26662.3
7.846
7.848
26680.9
26687.2
26693.4
26699.6
26705.8
26712
26718.3
26724.5
26730.7
26736.9
26743.1
26749.4
26755.6
26761.8
7.878
7.88
26780.5
26786.7
26792.9
26799.1
26805.4
26811.6
26817.8
26824
26830.2
26836.5
26842.7
26848.9
26855.1
26861.4
7.91
7.912
26880
26886.2
26892.5
26898.7
26904.9
26911.1
26917.3
26923.6
26929.8
26936
26942.2
26948.4
26954.7
26960.9
7.942
7.944
26979.6
26985.8
26992
26998.2
27004.4
27010.7
27016.9
27023.1
27029.3
27035.5
27041.8
27048
27054.2
27060.4
7.974
7.976
27079.1
27085.3
27091.5
27097.8
27104
27110.2
27116.4
27122.6
27128.9
27135.1
27141.3
27147.5
27153.8
27160
8.006
8.008
27178.6
27184.9
27191.1
27197.3
27203.5
27209.7
27216
27222.2
27228.4
27234.6
27240.9
27247.1
27253.3
27259.5
8.038
8.04
27278.2
27284.4
27290.6
27296.8
27303.1
27309.3
27315.5
27321.7
27328
27334.2
27340.4
27346.6
27352.8
27359.1
8.07
8.072
27377.7
27383.9
27390.2
27396.4
27402.6
27408.8
27415.1
27421.3
27427.5
27433.7
27439.9
27446.2
27452.4
27458.6
8.102
8.104
27477.3
27483.5
27489.7
27495.9
27502.2
27508.4
27514.6
27520.8
27527
27533.3
27539.5
27545.7
27551.9
27558.1
8.134
8.136
8.138
8.14
8.142
8.144
8.146
8.148
8.15
8.152
8.154
8.156
8.158
8.16
8.162
8.164
8.166
8.168
8.17
8.172
8.174
8.176
8.178
8.18
8.182
8.184
8.186
8.188
8.19
8.192
8.194
8.196
8.198
8.2
27794.9
27801.9
27809
27816
27823.1
27830.1
27837.2
27844.2
27851.3
27858.3
27865.4
27872.4
27879.5
27886.5
8.23
8.232
27907.7
27914.7
27921.8
27928.8
27935.9
27942.9
27950
27957
27964.1
27971.1
27978.2
27985.2
27992.3
27999.3
8.262
8.264
28020.5
28027.6
28034.6
28041.7
28048.7
28055.8
28062.8
28069.9
28076.9
28084
28091
28098.1
28105.1
28112.2
8.294
8.296
28133.3
28140.4
28147.4
28154.5
28161.5
28168.6
28175.6
28182.7
28189.7
28196.8
28203.8
28210.9
28217.9
28225
8.326
8.328
28246.1
28253.2
28260.2
28267.3
28274.3
28281.4
28288.4
28295.5
28302.5
28309.6
28316.6
28323.7
28330.7
28337.8
8.358
8.36
28358.9
28366
28373
28380.1
28387.1
28394.2
28401.2
28408.3
28415.3
28422.4
28429.4
28436.5
28443.5
28450.6
8.39
8.392
28471.8
28478.8
28485.9
28492.9
28500
28507
28514.1
28521.1
28528.2
28535.2
28542.3
28549.3
28556.4
28563.4
8.422
8.424
28584.6
28591.6
28598.7
28605.7
28612.8
28619.8
28626.9
28633.9
28641
28648
28655.1
28662.1
28669.2
28676.2
8.454
8.456
28697.4
28704.4
28711.5
28718.5
28725.6
28732.6
28739.7
28746.7
28753.8
28760.8
28767.9
28774.9
28782
28789
8.486
8.488
28810.2
28817.2
28824.3
28831.3
28838.4
28845.4
28852.5
28859.5
28866.6
28873.6
28880.7
28887.8
28894.8
28901.9
8.518
8.52
28923
28930.1
28937.1
28944.2
28951.2
28958.3
28965.3
28972.4
28979.4
28986.5
28993.5
29000.6
29007.6
29014.7
8.55
8.552
29035.8
29042.9
29049.9
29057
29064
29071.1
29078.1
29085.2
29092.2
29099.3
29106.3
29113.4
29120.4
29127.5
8.582
8.584
29148.6
29155.7
29162.7
29169.8
29176.8
29183.9
29190.9
29198
29205
29212.1
29219.1
29226.2
29233.2
29240.3
8.614
8.616
29261.4
29268.5
29275.5
29282.6
29289.6
29296.7
29303.7
29310.8
29317.8
29324.9
29332
29339
29346.1
29353.1
8.646
8.648
29374.3
29381.3
29388.4
29395.4
29402.5
29409.5
29416.6
29423.6
29430.7
29437.7
29444.8
29451.8
29458.9
29465.9
8.678
8.68
29487.1
29494.1
29501.2
29508.2
29515.3
29522.3
29529.4
29536.4
29543.5
29550.5
29557.6
29564.6
29571.7
29578.7
8.71
8.712
29599.9
29606.9
29614
29621
29628.1
29635.1
29642.2
29649.2
29656.3
29663.3
29670.4
29677.4
29684.5
29691.5
8.742
8.744
29712.7
29719.7
29726.8
29733.8
29740.9
29747.9
29755
29762
29769.1
29776.1
29783.2
29790.3
29797.3
29804.4
8.774
8.776
29825.5
29832.6
29839.6
29846.7
29853.7
29860.8
29867.8
29874.9
29881.9
29889
29896
29903.1
29910.1
29917.2
8.806
8.808
29938.3
29945.4
29952.4
29959.5
29966.5
29973.6
29980.6
29987.7
29994.7
30001.8
30008.8
30015.9
30022.9
30030
8.838
8.84
30051.1
30058.2
30065.2
30072.3
30079.3
30086.4
30093.4
30100.5
30107.5
30114.6
30121.6
30128.7
30135.7
30142.8
8.87
8.872
30163.9
30171
30178
30185.1
30192.1
30199.2
30206.2
30213.3
30220.4
30227.4
30234.5
30241.5
30248.6
30255.6
8.902
8.904
30276.8
30283.8
30290.9
30297.9
30305
30312
30319.1
30326.1
30333.2
30340.2
30347.3
30354.3
30361.4
30368.4
8.934
8.936
30389.6
30396.6
30403.7
30410.7
30417.8
30424.8
30431.9
30438.9
30446
30453
30460.1
30467.1
30474.2
30481.2
8.966
8.968
30502.4
30509.4
30516.5
30523.5
30530.6
30537.6
30544.7
30551.7
30558.8
30565.8
30572.9
30579.9
30587
30594
8.998
9
30615.2
30622.2
30629.3
30636.3
30643.4
30650.4
30657.5
30664.6
30671.6
30678.7
30685.7
30692.8
30699.8
30706.9
9.03
9.032
30728
30735.1
30742.1
30749.2
30756.2
30763.3
30770.3
30777.4
30784.4
30791.5
30798.5
30805.6
30812.6
30819.7
9.062
9.064
30840.8
30847.9
30854.9
30862
30869
30876.1
30883.1
30890.2
30897.2
30904.3
30911.3
30918.4
30925.4
30932.5
9.094
9.096
30953.6
30960.7
30967.7
30974.8
30981.8
30988.9
30995.9
31003
31010
31017.1
31024.1
31031.2
31038.2
31045.3
9.126
9.128
31066.4
31073.5
31080.5
31087.6
31094.6
31101.7
31108.8
31115.8
31122.9
31129.9
31137
31144
31151.1
31158.1
9.158
9.16
9.162
9.164
9.166
9.168
9.17
9.172
9.174
9.176
9.178
9.18
9.182
9.184
9.186
9.188
9.19
9.192
9.194
9.196
9.198
9.2
9.202
9.204
9.206
9.208
9.21
9.212
9.214
9.216
9.218
9.22
9.222
9.224
30999.2
31007.1
31015
31022.8
31030.7
31038.6
31046.5
31054.4
31062.2
31070.1
31078
31085.9
31093.8
31101.6
9.254
9.256
31125.3
31133.2
31141
31148.9
31156.8
31164.7
31172.6
31180.4
31188.3
31196.2
31204.1
31212
31219.8
31227.7
9.286
9.288
31251.4
31259.2
31267.1
31275
31282.9
31290.8
31298.6
31306.5
31314.4
31322.3
31330.2
31338
31345.9
31353.8
9.318
9.32
31377.4
31385.3
31393.2
31401.1
31409
31416.8
31424.7
31432.6
31440.5
31448.4
31456.2
31464.1
31472
31479.9
9.35
9.352
31503.5
31511.4
31519.3
31527.2
31535.1
31542.9
31550.8
31558.7
31566.6
31574.5
31582.3
31590.2
31598.1
31606
9.382
9.384
31629.6
31637.5
31645.4
31653.3
31661.1
31669
31676.9
31684.8
31692.7
31700.5
31708.4
31716.3
31724.2
31732.1
9.414
9.416
31755.7
31763.6
31771.5
31779.3
31787.2
31795.1
31803
31810.9
31818.7
31826.6
31834.5
31842.4
31850.3
31858.1
9.446
9.448
31881.8
31889.7
31897.5
31905.4
31913.3
31921.2
31929.1
31936.9
31944.8
31952.7
31960.6
31968.5
31976.3
31984.2
9.478
9.48
32007.9
32015.7
32023.6
32031.5
32039.4
32047.3
32055.1
32063
32070.9
32078.8
32086.7
32094.5
32102.4
32110.3
9.51
9.512
32134
32141.8
32149.7
32157.6
32165.5
32173.3
32181.2
32189.1
32197
32204.9
32212.8
32220.6
32228.5
32236.4
9.542
9.544
32260
32267.9
32275.8
32283.7
32291.6
32299.4
32307.3
32315.2
32323.1
32331
32338.8
32346.7
32354.6
32362.5
9.574
9.576
32386.1
32394
32401.9
32409.8
32417.6
32425.5
32433.4
32441.3
32449.2
32457
32464.9
32472.8
32480.7
32488.6
9.606
9.608
32512.2
32520.1
32528
32535.8
32543.7
32551.6
32559.5
32567.4
32575.2
32583.1
32591
32598.9
32606.8
32614.6
9.638
9.64
32638.3
32646.2
32654
32661.9
32669.8
32677.7
32685.6
32693.4
32701.3
32709.2
32717.1
32725
32732.8
32740.7
9.67
9.672
32764.4
32772.2
32780.1
32788
32795.9
32803.8
32811.7
32819.5
32827.4
32835.3
32843.2
32851.1
32858.9
32866.8
9.702
9.704
32890.5
32898.3
32906.2
32914.1
32922
32929.9
32937.7
32945.6
32953.5
32961.4
32969.3
32977.1
32985
32992.9
9.734
9.736
33016.5
33024.4
33032.3
33040.2
33048.1
33055.9
33063.8
33071.7
33079.6
33087.5
33095.3
33103.2
33111.1
33119
9.766
9.768
33142.6
33150.5
33158.4
33166.3
33174.1
33182
33189.9
33197.8
33205.7
33213.5
33221.4
33229.3
33237.2
33245.1
9.798
9.8
33268.7
33276.6
33284.5
33292.3
33300.2
33308.1
33316
33323.9
33331.7
33339.6
33347.5
33355.4
33363.3
33371.1
9.83
9.832
33394.8
33402.7
33410.6
33418.4
33426.3
33434.2
33442.1
33450
33457.8
33465.7
33473.6
33481.5
33489.4
33497.2
9.862
9.864
33520.9
33528.8
33536.6
33544.5
33552.4
33560.3
33568.2
33576
33583.9
33591.8
33599.7
33607.6
33615.4
33623.3
9.894
9.896
33647
33654.8
33662.7
33670.6
33678.5
33686.4
33694.2
33702.1
33710
33717.9
33725.8
33733.6
33741.5
33749.4
9.926
9.928
33773
33780.9
33788.8
33796.7
33804.6
33812.4
33820.3
33828.2
33836.1
33844
33851.8
33859.7
33867.6
33875.5
9.958
9.96
33899.1
33907
33914.9
33922.8
33930.6
33938.5
33946.4
33954.3
33962.2
33970
33977.9
33985.8
33993.7
34001.6
9.99
9.992
34025.2
34033.1
34041
34048.9
34056.7
34064.6
34072.5
34080.4
34088.2
34096.1
34104
34111.9
34119.8
34127.7
10.022
10.024
34151.3
34159.2
34167.1
34174.9
34182.8
34190.7
34198.6
34206.5
34214.3
34222.2
34230.1
34238
34245.9
34253.7
10.054
10.056
34277.4
34285.3
34293.1
34301
34308.9
34316.8
34324.7
34332.5
34340.4
34348.3
34356.2
34364.1
34371.9
34379.8
10.086
10.088
34403.5
34411.3
34419.2
34427.1
34435
34442.9
34450.7
34458.6
34466.5
34474.4
34482.3
34490.1
34498
34505.9
10.118
10.12
34529.5
34537.4
34545.3
34553.2
34561.1
34568.9
34576.8
34584.7
34592.6
34600.5
34608.3
34616.2
34624.1
34632
10.15
10.152
34655.6
34663.5
34671.4
34679.3
34687.1
34695
34702.9
34710.8
34718.7
34726.5
34734.4
34742.3
34750.2
34758.1
10.182
10.184
10.186
10.188
10.19
10.192
10.194
10.196
10.198
10.2
10.202
10.204
10.206
10.208
10.21
10.212
10.214
10.216
10.218
10.22
10.222
10.224
10.226
10.228
10.23
10.232
10.234
10.236
10.238
10.24
10.242
10.244
10.246
10.248
34203.5
34212.2
34220.9
34229.6
34238.4
34247.1
34255.8
34264.5
34273.2
34281.9
34290.6
34299.3
34308
34316.7
10.278
10.28
34342.9
34351.6
34360.3
34369
34377.7
34386.4
34395.1
34403.8
34412.6
34421.3
34430
34438.7
34447.4
34456.1
10.31
10.312
34482.2
34490.9
34499.6
34508.4
34517.1
34525.8
34534.5
34543.2
34551.9
34560.6
34569.3
34578
34586.7
34595.5
10.342
10.344
34621.6
34630.3
34639
34647.7
34656.4
34665.1
34673.8
34682.6
34691.3
34700
34708.7
34717.4
34726.1
34734.8
10.374
10.376
34760.9
34769.6
34778.4
34787.1
34795.8
34804.5
34813.2
34821.9
34830.6
34839.3
34848
34856.7
34865.5
34874.2
10.406
10.408
34900.3
34909
34917.7
34926.4
34935.1
34943.8
34952.5
34961.3
34970
34978.7
34987.4
34996.1
35004.8
35013.5
10.438
10.44
35039.6
35048.4
35057.1
35065.8
35074.5
35083.2
35091.9
35100.6
35109.3
35118
35126.7
35135.5
35144.2
35152.9
10.47
10.472
35179
35187.7
35196.4
35205.1
35213.8
35222.6
35231.3
35240
35248.7
35257.4
35266.1
35274.8
35283.5
35292.2
10.502
10.504
35318.4
35327.1
35335.8
35344.5
35353.2
35361.9
35370.6
35379.3
35388
35396.7
35405.5
35414.2
35422.9
35431.6
10.534
10.536
35457.7
35466.4
35475.1
35483.8
35492.6
35501.3
35510
35518.7
35527.4
35536.1
35544.8
35553.5
35562.2
35570.9
10.566
10.568
35597.1
35605.8
35614.5
35623.2
35631.9
35640.6
35649.3
35658
35666.7
35675.5
35684.2
35692.9
35701.6
35710.3
10.598
10.6
35736.4
35745.1
35753.8
35762.6
35771.3
35780
35788.7
35797.4
35806.1
35814.8
35823.5
35832.2
35840.9
35849.6
10.63
10.632
35875.8
35884.5
35893.2
35901.9
35910.6
35919.3
35928
35936.7
35945.5
35954.2
35962.9
35971.6
35980.3
35989
10.662
10.664
36015.1
36023.8
36032.6
36041.3
36050
36058.7
36067.4
36076.1
36084.8
36093.5
36102.2
36110.9
36119.6
36128.4
10.694
10.696
36154.5
36163.2
36171.9
36180.6
36189.3
36198
36206.7
36215.5
36224.2
36232.9
36241.6
36250.3
36259
36267.7
10.726
10.728
36293.8
36302.5
36311.3
36320
36328.7
36337.4
36346.1
36354.8
36363.5
36372.2
36380.9
36389.6
36398.4
36407.1
10.758
10.76
36433.2
36441.9
36450.6
36459.3
36468
36476.7
36485.5
36494.2
36502.9
36511.6
36520.3
36529
36537.7
36546.4
10.79
10.792
36572.6
36581.3
36590
36598.7
36607.4
36616.1
36624.8
36633.5
36642.2
36650.9
36659.6
36668.4
36677.1
36685.8
10.822
10.824
36711.9
36720.6
36729.3
36738
36746.7
36755.5
36764.2
36772.9
36781.6
36790.3
36799
36807.7
36816.4
36825.1
10.854
10.856
36851.3
36860
36868.7
36877.4
36886.1
36894.8
36903.5
36912.2
36920.9
36929.6
36938.4
36947.1
36955.8
36964.5
10.886
10.888
36990.6
36999.3
37008
37016.7
37025.5
37034.2
37042.9
37051.6
37060.3
37069
37077.7
37086.4
37095.1
37103.8
10.918
10.92
37130
37138.7
37147.4
37156.1
37164.8
37173.5
37182.2
37190.9
37199.6
37208.4
37217.1
37225.8
37234.5
37243.2
10.95
10.952
37269.3
37278
37286.7
37295.5
37304.2
37312.9
37321.6
37330.3
37339
37347.7
37356.4
37365.1
37373.8
37382.5
10.982
10.984
37408.7
37417.4
37426.1
37434.8
37443.5
37452.2
37460.9
37469.6
37478.4
37487.1
37495.8
37504.5
37513.2
37521.9
11.014
11.016
37548
37556.7
37565.5
37574.2
37582.9
37591.6
37600.3
37609
37617.7
37626.4
37635.1
37643.8
37652.5
37661.3
11.046
11.048
37687.4
37696.1
37704.8
37713.5
37722.2
37730.9
37739.6
37748.4
37757.1
37765.8
37774.5
37783.2
37791.9
37800.6
11.078
11.08
37826.7
37835.5
37844.2
37852.9
37861.6
37870.3
37879
37887.7
37896.4
37905.1
37913.8
37922.6
37931.3
37940
11.11
11.112
37966.1
37974.8
37983.5
37992.2
38000.9
38009.6
38018.4
38027.1
38035.8
38044.5
38053.2
38061.9
38070.6
38079.3
11.142
11.144
38105.5
38114.2
38122.9
38131.6
38140.3
38149
38157.7
38166.4
38175.1
38183.8
38192.6
38201.3
38210
38218.7
11.174
11.176
38244.8
38253.5
38262.2
38270.9
38279.6
38288.4
38297.1
38305.8
38314.5
38323.2
38331.9
38340.6
38349.3
38358
11.206
11.208
11.21
11.212
11.214
11.216
11.218
11.22
11.222
11.224
11.226
11.228
11.23
11.232
11.234
11.236
11.238
11.24
11.242
11.244
11.246
11.248
11.25
11.252
11.254
11.256
11.258
11.26
11.262
11.264
11.266
11.268
11.27
11.272
37407.8
37417.4
37426.9
37436.5
37446
37455.5
37465.1
37474.6
37484.2
37493.7
37503.2
37512.8
37522.3
37531.8
11.302
11.304
37560.5
37570
37579.5
37589.1
37598.6
37608.2
37617.7
37627.2
37636.8
37646.3
37655.9
37665.4
37674.9
37684.5
11.334
11.336
37713.1
37722.6
37732.2
37741.7
37751.2
37760.8
37770.3
37779.9
37789.4
37798.9
37808.5
37818
37827.6
37837.1
11.366
11.368
37865.7
37875.3
37884.8
37894.3
37903.9
37913.4
37923
37932.5
37942
37951.6
37961.1
37970.6
37980.2
37989.7
11.398
11.4
38018.3
38027.9
38037.4
38047
38056.5
38066
38075.6
38085.1
38094.7
38104.2
38113.7
38123.3
38132.8
38142.4
11.43
11.432
38171
38180.5
38190
38199.6
38209.1
38218.7
38228.2
38237.7
38247.3
38256.8
38266.4
38275.9
38285.4
38295
11.462
11.464
38323.6
38333.1
38342.7
38352.2
38361.8
38371.3
38380.8
38390.4
38399.9
38409.4
38419
38428.5
38438.1
38447.6
11.494
11.496
38476.2
38485.8
38495.3
38504.8
38514.4
38523.9
38533.5
38543
38552.5
38562.1
38571.6
38581.2
38590.7
38600.2
11.526
11.528
38628.8
38638.4
38647.9
38657.5
38667
38676.5
38686.1
38695.6
38705.2
38714.7
38724.2
38733.8
38743.3
38752.9
11.558
11.56
38781.5
38791
38800.6
38810.1
38819.6
38829.2
38838.7
38848.2
38857.8
38867.3
38876.9
38886.4
38895.9
38905.5
11.59
11.592
38934.1
38943.6
38953.2
38962.7
38972.3
38981.8
38991.3
39000.9
39010.4
39019.9
39029.5
39039
39048.6
39058.1
11.622
11.624
39086.7
39096.3
39105.8
39115.3
39124.9
39134.4
39144
39153.5
39163
39172.6
39182.1
39191.7
39201.2
39210.7
11.654
11.656
39239.4
39248.9
39258.4
39268
39277.5
39287
39296.6
39306.1
39315.7
39325.2
39334.7
39344.3
39353.8
39363.4
11.686
11.688
39392
39401.5
39411.1
39420.6
39430.1
39439.7
39449.2
39458.8
39468.3
39477.8
39487.4
39496.9
39506.4
39516
11.718
11.72
39544.6
39554.1
39563.7
39573.2
39582.8
39592.3
39601.8
39611.4
39620.9
39630.5
39640
39649.5
39659.1
39668.6
11.75
11.752
39697.2
39706.8
39716.3
39725.8
39735.4
39744.9
39754.5
39764
39773.5
39783.1
39792.6
39802.2
39811.7
39821.2
11.782
11.784
39849.9
39859.4
39868.9
39878.5
39888
39897.6
39907.1
39916.6
39926.2
39935.7
39945.2
39954.8
39964.3
39973.9
11.814
11.816
40002.5
40012
40021.6
40031.1
40040.6
40050.2
40059.7
40069.2
40078.8
40088.3
40097.9
40107.4
40116.9
40126.5
11.846
11.848
40155.1
40164.6
40174.2
40183.7
40193.3
40202.8
40212.3
40221.9
40231.4
40241
40250.5
40260
40269.6
40279.1
11.878
11.88
40307.7
40317.3
40326.8
40336.4
40345.9
40355.4
40365
40374.5
40384
40393.6
40403.1
40412.7
40422.2
40431.7
11.91
11.912
40460.4
40469.9
40479.4
40489
40498.5
40508.1
40517.6
40527.1
40536.7
40546.2
40555.8
40565.3
40574.8
40584.4
11.942
11.944
40613
40622.5
40632.1
40641.6
40651.1
40660.7
40670.2
40679.8
40689.3
40698.8
40708.4
40717.9
40727.5
40737
11.974
11.976
40765.6
40775.1
40784.7
40794.2
40803.8
40813.3
40822.8
40832.4
40841.9
40851.5
40861
40870.5
40880.1
40889.6
12.006
12.008
40918.2
40927.8
40937.3
40946.9
40956.4
40965.9
40975.5
40985
40994.6
41004.1
41013.6
41023.2
41032.7
41042.2
12.038
12.04
41070.9
41080.4
41089.9
41099.5
41109
41118.6
41128.1
41137.6
41147.2
41156.7
41166.2
41175.8
41185.3
41194.9
12.07
12.072
41223.5
41233
41242.6
41252.1
41261.6
41271.2
41280.7
41290.3
41299.8
41309.3
41318.9
41328.4
41338
41347.5
12.102
12.104
41376.1
41385.7
41395.2
41404.7
41414.3
41423.8
41433.3
41442.9
41452.4
41462
41471.5
41481
41490.6
41500.1
12.134
12.136
41528.7
41538.3
41547.8
41557.4
41566.9
41576.4
41586
41595.5
41605.1
41614.6
41624.1
41633.7
41643.2
41652.8
12.166
12.168
41681.4
41690.9
41700.4
41710
41719.5
41729.1
41738.6
41748.1
41757.7
41767.2
41776.8
41786.3
41795.8
41805.4
12.198
12.2
41834
41843.5
41853.1
41862.6
41872.1
41881.7
41891.2
41900.8
41910.3
41919.8
41929.4
41938.9
41948.5
41958
12.23
12.232
12.234
12.236
12.238
12.24
12.242
12.244
12.246
12.248
12.25
12.252
12.254
12.256
12.258
12.26
12.262
12.264
12.266
12.268
12.27
12.272
12.274
12.276
12.278
12.28
12.282
12.284
12.286
12.288
12.29
12.292
12.294
12.296
40612.2
40622.5
40632.9
40643.3
40653.6
40664
40674.4
40684.7
40695.1
40705.5
40715.8
40726.2
40736.6
40747
12.326
12.328
40778.1
40788.4
40798.8
40809.2
40819.5
40829.9
40840.3
40850.6
40861
40871.4
40881.7
40892.1
40902.5
40912.8
12.358
12.36
40944
40954.3
40964.7
40975.1
40985.4
40995.8
41006.2
41016.5
41026.9
41037.3
41047.6
41058
41068.4
41078.7
12.39
12.392
41109.9
41120.2
41130.6
41141
41151.3
41161.7
41172.1
41182.4
41192.8
41203.2
41213.5
41223.9
41234.3
41244.6
12.422
12.424
41275.8
41286.1
41296.5
41306.9
41317.2
41327.6
41338
41348.3
41358.7
41369.1
41379.4
41389.8
41400.2
41410.5
12.454
12.456
41441.6
41452
41462.4
41472.8
41483.1
41493.5
41503.9
41514.2
41524.6
41535
41545.3
41555.7
41566.1
41576.4
12.486
12.488
41607.5
41617.9
41628.3
41638.6
41649
41659.4
41669.8
41680.1
41690.5
41700.9
41711.2
41721.6
41732
41742.3
12.518
12.52
41773.4
41783.8
41794.2
41804.5
41814.9
41825.3
41835.6
41846
41856.4
41866.8
41877.1
41887.5
41897.9
41908.2
12.55
12.552
41939.3
41949.7
41960.1
41970.4
41980.8
41991.2
42001.5
42011.9
42022.3
42032.7
42043
42053.4
42063.8
42074.1
12.582
12.584
42105.2
42115.6
42126
42136.3
42146.7
42157.1
42167.4
42177.8
42188.2
42198.6
42208.9
42219.3
42229.7
42240
12.614
12.616
42271.1
42281.5
42291.9
42302.2
42312.6
42323
42333.3
42343.7
42354.1
42364.4
42374.8
42385.2
42395.6
42405.9
12.646
12.648
42437
42447.4
42457.8
42468.1
42478.5
42488.9
42499.2
42509.6
42520
42530.3
42540.7
42551.1
42561.5
42571.8
12.678
12.68
42602.9
42613.3
42623.7
42634
42644.4
42654.8
42665.1
42675.5
42685.9
42696.2
42706.6
42717
42727.3
42737.7
12.71
12.712
42768.8
42779.2
42789.6
42799.9
42810.3
42820.7
42831
42841.4
42851.8
42862.1
42872.5
42882.9
42893.2
42903.6
12.742
12.744
42934.7
42945.1
42955.5
42965.8
42976.2
42986.6
42996.9
43007.3
43017.7
43028
43038.4
43048.8
43059.1
43069.5
12.774
12.776
43100.6
43111
43121.4
43131.7
43142.1
43152.5
43162.8
43173.2
43183.6
43193.9
43204.3
43214.7
43225
43235.4
12.806
12.808
43266.5
43276.9
43287.2
43297.6
43308
43318.4
43328.7
43339.1
43349.5
43359.8
43370.2
43380.6
43390.9
43401.3
12.838
12.84
43432.4
43442.8
43453.1
43463.5
43473.9
43484.2
43494.6
43505
43515.4
43525.7
43536.1
43546.5
43556.8
43567.2
12.87
12.872
43598.3
43608.7
43619
43629.4
43639.8
43650.1
43660.5
43670.9
43681.3
43691.6
43702
43712.4
43722.7
43733.1
12.902
12.904
43764.2
43774.6
43784.9
43795.3
43805.7
43816
43826.4
43836.8
43847.1
43857.5
43867.9
43878.3
43888.6
43899
12.934
12.936
43930.1
43940.5
43950.8
43961.2
43971.6
43981.9
43992.3
44002.7
44013
44023.4
44033.8
44044.2
44054.5
44064.9
12.966
12.968
44096
44106.4
44116.7
44127.1
44137.5
44147.8
44158.2
44168.6
44178.9
44189.3
44199.7
44210.1
44220.4
44230.8
12.998
13
44261.9
44272.3
44282.6
44293
44303.4
44313.7
44324.1
44334.5
44344.8
44355.2
44365.6
44375.9
44386.3
44396.7
13.03
13.032
44427.8
44438.2
44448.5
44458.9
44469.3
44479.6
44490
44500.4
44510.7
44521.1
44531.5
44541.8
44552.2
44562.6
13.062
13.064
44593.7
44604.1
44614.4
44624.8
44635.2
44645.5
44655.9
44666.3
44676.6
44687
44697.4
44707.7
44718.1
44728.5
13.094
13.096
44759.6
44770
44780.3
44790.7
44801.1
44811.4
44821.8
44832.2
44842.5
44852.9
44863.3
44873.6
44884
44894.4
13.126
13.128
44925.5
44935.9
44946.2
44956.6
44967
44977.3
44987.7
44998.1
45008.4
45018.8
45029.2
45039.5
45049.9
45060.3
13.158
13.16
45091.4
45101.7
45112.1
45122.5
45132.9
45143.2
45153.6
45164
45174.3
45184.7
45195.1
45205.4
45215.8
45226.2
13.19
13.192
45257.3
45267.6
45278
45288.4
45298.8
45309.1
45319.5
45329.9
45340.2
45350.6
45361
45371.3
45381.7
45392.1
13.222
13.224
45423.2
45433.5
45443.9
45454.3
45464.6
45475
45485.4
45495.8
45506.1
45516.5
45526.9
45537.2
45547.6
45558
13.254
13.256
13.258
13.26
13.262
13.264
13.266
13.268
13.27
13.272
13.274
13.276
13.278
13.28
13.282
13.284
13.286
13.288
13.29
13.292
13.294
13.296
13.298
13.3
13.302
13.304
13.306
13.308
13.31
13.312
13.314
13.316
13.318
13.32
43816.5
43827.7
43838.9
43850.1
43861.3
43872.5
43883.7
43894.9
43906.1
43917.3
43928.5
43939.7
43950.9
43962.1
13.35
13.352
43995.6
44006.9
44018
44029.2
44040.4
44051.6
44062.8
44074
44085.2
44096.4
44107.6
44118.8
44130
44141.2
13.382
13.384
44174.8
44186
44197.2
44208.4
44219.6
44230.8
44242
44253.2
44264.4
44275.6
44286.8
44298
44309.2
44320.4
13.414
13.416
44354
44365.2
44376.4
44387.6
44398.8
44410
44421.2
44432.4
44443.6
44454.8
44466
44477.2
44488.4
44499.6
13.446
13.448
44533.2
44544.4
44555.5
44566.7
44577.9
44589.1
44600.3
44611.5
44622.7
44633.9
44645.1
44656.3
44667.5
44678.7
13.478
13.48
44712.3
44723.5
44734.7
44745.9
44757.1
44768.3
44779.5
44790.7
44801.9
44813.1
44824.3
44835.5
44846.7
44857.9
13.51
13.512
44891.5
44902.7
44913.9
44925.1
44936.3
44947.5
44958.7
44969.9
44981.1
44992.3
45003.5
45014.7
45025.9
45037.1
13.542
13.544
45070.7
45081.9
45093.1
45104.2
45115.4
45126.6
45137.8
45149
45160.2
45171.4
45182.6
45193.8
45205
45216.2
13.574
13.576
45249.8
45261
45272.2
45283.4
45294.6
45305.8
45317
45328.2
45339.4
45350.6
45361.8
45373
45384.2
45395.4
13.606
13.608
45429
45440.2
45451.4
45462.6
45473.8
45485
45496.2
45507.4
45518.6
45529.8
45541
45552.2
45563.4
45574.6
13.638
13.64
45608.2
45619.4
45630.6
45641.8
45653
45664.2
45675.4
45686.5
45697.7
45708.9
45720.1
45731.3
45742.5
45753.7
13.67
13.672
45787.3
45798.5
45809.7
45820.9
45832.1
45843.3
45854.5
45865.7
45876.9
45888.1
45899.3
45910.5
45921.7
45932.9
13.702
13.704
45966.5
45977.7
45988.9
46000.1
46011.3
46022.5
46033.7
46044.9
46056.1
46067.3
46078.5
46089.7
46100.9
46112.1
13.734
13.736
46145.7
46156.9
46168.1
46179.3
46190.5
46201.7
46212.9
46224.1
46235.2
46246.4
46257.6
46268.8
46280
46291.2
13.766
13.768
46324.8
46336
46347.2
46358.4
46369.6
46380.8
46392
46403.2
46414.4
46425.6
46436.8
46448
46459.2
46470.4
13.798
13.8
46504
46515.2
46526.4
46537.6
46548.8
46560
46571.2
46582.4
46593.6
46604.8
46616
46627.2
46638.4
46649.6
13.83
13.832
46683.2
46694.4
46705.6
46716.8
46728
46739.2
46750.4
46761.6
46772.8
46784
46795.1
46806.3
46817.5
46828.7
13.862
13.864
46862.3
46873.5
46884.7
46895.9
46907.1
46918.3
46929.5
46940.7
46951.9
46963.1
46974.3
46985.5
46996.7
47007.9
13.894
13.896
47041.5
47052.7
47063.9
47075.1
47086.3
47097.5
47108.7
47119.9
47131.1
47142.3
47153.5
47164.7
47175.9
47187.1
13.926
13.928
47220.7
47231.9
47243.1
47254.3
47265.5
47276.7
47287.9
47299.1
47310.3
47321.5
47332.7
47343.9
47355.1
47366.2
13.958
13.96
47399.8
47411
47422.2
47433.4
47444.6
47455.8
47467
47478.2
47489.4
47500.6
47511.8
47523
47534.2
47545.4
13.99
13.992
47579
47590.2
47601.4
47612.6
47623.8
47635
47646.2
47657.4
47668.6
47679.8
47691
47702.2
47713.4
47724.6
14.022
14.024
47758.2
47769.4
47780.6
47791.8
47803
47814.2
47825.4
47836.6
47847.8
47859
47870.2
47881.4
47892.6
47903.8
14.054
14.056
47937.3
47948.5
47959.7
47970.9
47982.1
47993.3
48004.5
48015.7
48026.9
48038.1
48049.3
48060.5
48071.7
48082.9
14.086
14.088
48116.5
48127.7
48138.9
48150.1
48161.3
48172.5
48183.7
48194.9
48206.1
48217.3
48228.5
48239.7
48250.9
48262.1
14.118
14.12
48295.7
48306.9
48318.1
48329.3
48340.5
48351.7
48362.9
48374.1
48385.3
48396.5
48407.7
48418.9
48430.1
48441.3
14.15
14.152
48474.8
48486
48497.2
48508.4
48519.6
48530.8
48542
48553.2
48564.4
48575.6
48586.8
48598
48609.2
48620.4
14.182
14.184
48654
48665.2
48676.4
48687.6
48698.8
48710
48721.2
48732.4
48743.6
48754.8
48766
48777.2
48788.4
48799.6
14.214
14.216
48833.2
48844.4
48855.6
48866.8
48878
48889.2
48900.4
48911.6
48922.8
48934
48945.2
48956.4
48967.6
48978.8
14.246
14.248
49012.4
49023.6
49034.8
49045.9
49057.1
49068.3
49079.5
49090.7
49101.9
49113.1
49124.3
49135.5
49146.7
49157.9
14.278
14.28
14.282
14.284
14.286
14.288
14.29
14.292
14.294
14.296
14.298
14.3
14.302
14.304
14.306
14.308
14.31
14.312
14.314
14.316
14.318
14.32
14.322
14.324
14.326
14.328
14.33
14.332
14.334
14.336
14.338
14.34
14.342
14.344
47020.8
47032.8
47044.9
47056.9
47068.9
47080.9
47093
47105
47117
47129.1
47141.1
47153.1
47165.1
47177.2
14.374
14.376
47213.2
47225.3
47237.3
47249.3
47261.4
47273.4
47285.4
47297.4
47309.5
47321.5
47333.5
47345.5
47357.6
47369.6
14.406
14.408
47405.7
47417.7
47429.7
47441.8
47453.8
47465.8
47477.8
47489.9
47501.9
47513.9
47526
47538
47550
47562
14.438
14.44
47598.1
47610.1
47622.2
47634.2
47646.2
47658.3
47670.3
47682.3
47694.3
47706.4
47718.4
47730.4
47742.4
47754.5
14.47
14.472
47790.6
47802.6
47814.6
47826.6
47838.7
47850.7
47862.7
47874.8
47886.8
47898.8
47910.8
47922.9
47934.9
47946.9
14.502
14.504
47983
47995
48007.1
48019.1
48031.1
48043.1
48055.2
48067.2
48079.2
48091.2
48103.3
48115.3
48127.3
48139.4
14.534
14.536
48175.4
48187.5
48199.5
48211.5
48223.5
48235.6
48247.6
48259.6
48271.7
48283.7
48295.7
48307.7
48319.8
48331.8
14.566
14.568
48367.9
48379.9
48391.9
48404
48416
48428
48440
48452.1
48464.1
48476.1
48488.1
48500.2
48512.2
48524.2
14.598
14.6
48560.3
48572.3
48584.4
48596.4
48608.4
48620.5
48632.5
48644.5
48656.5
48668.6
48680.6
48692.6
48704.6
48716.7
14.63
14.632
48752.8
48764.8
48776.8
48788.8
48800.9
48812.9
48824.9
48836.9
48849
48861
48873
48885.1
48897.1
48909.1
14.662
14.664
48945.2
48957.2
48969.2
48981.3
48993.3
49005.3
49017.4
49029.4
49041.4
49053.4
49065.5
49077.5
49089.5
49101.6
14.694
14.696
49137.6
49149.7
49161.7
49173.7
49185.7
49197.8
49209.8
49221.8
49233.9
49245.9
49257.9
49269.9
49282
49294
14.726
14.728
49330.1
49342.1
49354.1
49366.2
49378.2
49390.2
49402.2
49414.3
49426.3
49438.3
49450.3
49462.4
49474.4
49486.4
14.758
14.76
49522.5
49534.5
49546.6
49558.6
49570.6
49582.6
49594.7
49606.7
49618.7
49630.8
49642.8
49654.8
49666.8
49678.9
14.79
14.792
49714.9
49727
49739
49751
49763.1
49775.1
49787.1
49799.1
49811.2
49823.2
49835.2
49847.2
49859.3
49871.3
14.822
14.824
49907.4
49919.4
49931.4
49943.5
49955.5
49967.5
49979.6
49991.6
50003.6
50015.6
50027.7
50039.7
50051.7
50063.7
14.854
14.856
50099.8
50111.9
50123.9
50135.9
50147.9
50160
50172
50184
50196.1
50208.1
50220.1
50232.1
50244.2
50256.2
14.886
14.888
50292.3
50304.3
50316.3
50328.3
50340.4
50352.4
50364.4
50376.5
50388.5
50400.5
50412.5
50424.6
50436.6
50448.6
14.918
14.92
50484.7
50496.7
50508.8
50520.8
50532.8
50544.8
50556.9
50568.9
50580.9
50593
50605
50617
50629
50641.1
14.95
14.952
50677.1
50689.2
50701.2
50713.2
50725.3
50737.3
50749.3
50761.3
50773.4
50785.4
50797.4
50809.4
50821.5
50833.5
14.982
14.984
50869.6
50881.6
50893.6
50905.7
50917.7
50929.7
50941.7
50953.8
50965.8
50977.8
50989.9
51001.9
51013.9
51025.9
15.014
15.016
51062
51074.1
51086.1
51098.1
51110.1
51122.2
51134.2
51146.2
51158.2
51170.3
51182.3
51194.3
51206.4
51218.4
15.046
15.048
51254.5
51266.5
51278.5
51290.5
51302.6
51314.6
51326.6
51338.7
51350.7
51362.7
51374.7
51386.8
51398.8
51410.8
15.078
15.08
51446.9
51458.9
51471
51483
51495
51507
51519.1
51531.1
51543.1
51555.1
51567.2
51579.2
51591.2
51603.3
15.11
15.112
51639.3
51651.4
51663.4
51675.4
51687.4
51699.5
51711.5
51723.5
51735.6
51747.6
51759.6
51771.6
51783.7
51795.7
15.142
15.144
51831.8
51843.8
51855.8
51867.9
51879.9
51891.9
51903.9
51916
51928
51940
51952.1
51964.1
51976.1
51988.1
15.174
15.176
52024.2
52036.2
52048.3
52060.3
52072.3
52084.4
52096.4
52108.4
52120.4
52132.5
52144.5
52156.5
52168.5
52180.6
15.206
15.208
52216.7
52228.7
52240.7
52252.7
52264.8
52276.8
52288.8
52300.9
52312.9
52324.9
52336.9
52349
52361
52373
15.238
15.24
52409.1
52421.1
52433.1
52445.2
52457.2
52469.2
52481.3
52493.3
52505.3
52517.3
52529.4
52541.4
52553.4
52565.5
15.27
15.272
52601.5
52613.6
52625.6
52637.6
52649.6
52661.7
52673.7
52685.7
52697.8
52709.8
52721.8
52733.8
52745.9
52757.9
15.302
15.304
15.306
15.308
15.31
15.312
15.314
15.316
15.318
15.32
15.322
15.324
15.326
15.328
15.33
15.332
15.334
15.336
15.338
15.34
15.342
15.344
15.346
15.348
15.35
15.352
15.354
15.356
15.358
15.36
15.362
15.364
15.366
15.368
50225.1
50238
50250.8
50263.7
50276.6
50289.4
50302.3
50315.1
50328
50340.8
50353.7
50366.6
50379.4
50392.3
15.398
15.4
50430.8
50443.7
50456.5
50469.4
50482.3
50495.1
50508
50520.8
50533.7
50546.5
50559.4
50572.3
50585.1
50598
15.43
15.432
50636.5
50649.4
50662.3
50675.1
50688
50700.8
50713.7
50726.5
50739.4
50752.3
50765.1
50778
50790.8
50803.7
15.462
15.464
50842.3
50855.1
50868
50880.8
50893.7
50906.5
50919.4
50932.3
50945.1
50958
50970.8
50983.7
50996.5
51009.4
15.494
15.496
51048
51060.8
51073.7
51086.5
51099.4
51112.2
51125.1
51138
51150.8
51163.7
51176.5
51189.4
51202.2
51215.1
15.526
15.528
51253.7
51266.5
51279.4
51292.2
51305.1
51318
51330.8
51343.7
51356.5
51369.4
51382.2
51395.1
51408
51420.8
15.558
15.56
51459.4
51472.2
51485.1
51498
51510.8
51523.7
51536.5
51549.4
51562.2
51575.1
51588
51600.8
51613.7
51626.5
15.59
15.592
51665.1
51678
51690.8
51703.7
51716.5
51729.4
51742.2
51755.1
51768
51780.8
51793.7
51806.5
51819.4
51832.2
15.622
15.624
51870.8
51883.7
51896.5
51909.4
51922.2
51935.1
51947.9
51960.8
51973.7
51986.5
51999.4
52012.2
52025.1
52037.9
15.654
15.656
52076.5
52089.4
52102.2
52115.1
52127.9
52140.8
52153.7
52166.5
52179.4
52192.2
52205.1
52217.9
52230.8
52243.7
15.686
15.688
52282.2
52295.1
52307.9
52320.8
52333.7
52346.5
52359.4
52372.2
52385.1
52397.9
52410.8
52423.6
52436.5
52449.4
15.718
15.72
52487.9
52500.8
52513.6
52526.5
52539.4
52552.2
52565.1
52577.9
52590.8
52603.6
52616.5
52629.4
52642.2
52655.1
15.75
15.752
52693.6
52706.5
52719.4
52732.2
52745.1
52757.9
52770.8
52783.6
52796.5
52809.4
52822.2
52835.1
52847.9
52860.8
15.782
15.784
52899.4
52912.2
52925.1
52937.9
52950.8
52963.6
52976.5
52989.4
53002.2
53015.1
53027.9
53040.8
53053.6
53066.5
15.814
15.816
53105.1
53117.9
53130.8
53143.6
53156.5
53169.4
53182.2
53195.1
53207.9
53220.8
53233.6
53246.5
53259.3
53272.2
15.846
15.848
53310.8
53323.6
53336.5
53349.3
53362.2
53375.1
53387.9
53400.8
53413.6
53426.5
53439.3
53452.2
53465.1
53477.9
15.878
15.88
53516.5
53529.3
53542.2
53555.1
53567.9
53580.8
53593.6
53606.5
53619.3
53632.2
53645.1
53657.9
53670.8
53683.6
15.91
15.912
53722.2
53735.1
53747.9
53760.8
53773.6
53786.5
53799.3
53812.2
53825.1
53837.9
53850.8
53863.6
53876.5
53889.3
15.942
15.944
53927.9
53940.8
53953.6
53966.5
53979.3
53992.2
54005
54017.9
54030.8
54043.6
54056.5
54069.3
54082.2
54095
15.974
15.976
54133.6
54146.5
54159.3
54172.2
54185
54197.9
54210.8
54223.6
54236.5
54249.3
54262.2
54275
54287.9
54300.8
16.006
16.008
54339.3
54352.2
54365
54377.9
54390.8
54403.6
54416.5
54429.3
54442.2
54455
54467.9
54480.8
54493.6
54506.5
16.038
16.04
54545
54557.9
54570.8
54583.6
54596.5
54609.3
54622.2
54635
54647.9
54660.8
54673.6
54686.5
54699.3
54712.2
16.07
16.072
54750.7
54763.6
54776.5
54789.3
54802.2
54815
54827.9
54840.7
54853.6
54866.5
54879.3
54892.2
54905
54917.9
16.102
16.104
54956.5
54969.3
54982.2
54995
55007.9
55020.7
55033.6
55046.5
55059.3
55072.2
55085
55097.9
55110.7
55123.6
16.134
16.136
55162.2
55175
55187.9
55200.7
55213.6
55226.4
55239.3
55252.2
55265
55277.9
55290.7
55303.6
55316.4
55329.3
16.166
16.168
55367.9
55380.7
55393.6
55406.4
55419.3
55432.2
55445
55457.9
55470.7
55483.6
55496.4
55509.3
55522.2
55535
16.198
16.2
55573.6
55586.4
55599.3
55612.2
55625
55637.9
55650.7
55663.6
55676.4
55689.3
55702.2
55715
55727.9
55740.7
16.23
16.232
55779.3
55792.1
55805
55817.9
55830.7
55843.6
55856.4
55869.3
55882.1
55895
55907.9
55920.7
55933.6
55946.4
16.262
16.264
55985
55997.9
56010.7
56023.6
56036.4
56049.3
56062.1
56075
56087.9
56100.7
56113.6
56126.4
56139.3
56152.1
16.294
16.296
56190.7
56203.6
56216.4
56229.3
56242.1
56255
56267.9
56280.7
56293.6
56306.4
56319.3
56332.1
56345
56357.9
16.326
16.328
16.33
16.332
16.334
16.336
16.338
16.34
16.342
16.344
16.346
16.348
16.35
16.352
16.354
16.356
16.358
16.36
16.362
16.364
16.366
16.368
16.37
16.372
16.374
16.376
16.378
16.38
16.382
16.384
16.386
16.388
16.39
16.392
