3F67EF9E
3F6872B0
3F68F5C3
3F6978D5
3F69FBE7
3F6A7EFA
3F6B020C
3F6B851F
3F7020C5
3F70A3D7
3F7126E9
3F71A9FC
3F722D0E
3F72B021
3F733333
3F73B646
3F7851EC
3F78D4FE
3F795810
3F79DB23
3F7A5E35
3F7AE148
3F7B645A
3F7BE76D
3F804189
3F808312
3F80C49C
3F810625
3F8147AE
3F818937
3F81CAC1
3F820C4A
0
0
0
0
0
0
0
0
0
0
0
0
0
0
0
0
0
0
0
0
0
0
0
0
0
0
0
0
0
0
0
0
0
0
0
0
0
0
0
0
0
0
0
0
0
0
0
0
0
0
0
0
0
0
0
0
0
0
0
0
0
0
0
0
0
0
0
0
0
0
0
0
0
0
0
0
0
0
0
0
0
0
0
0
0
0
0
0
0
0
0
0
0
0
0
0
3FF70A3D
3FF74BC7
3FF78D50
3FF7CED9
3FF81062
3FF851EC
3FF89375
3FF8D4FE
3FFB22D1
3FFB645A
3FFBA5E3
3FFBE76D
3FFC28F6
3FFC6A7F
3FFCAC08
3FFCED91
3FFF3B64
3FFF7CEE
3FFFBE77
40000000
400020C5
40004189
4000624E
40008312
4001A9FC
4001CAC1
4001EB85
40020C4A
40022D0E
40024DD3
40026E98
40028F5C
0
0
0
0
0
0
0
0
0
0
0
0
0
0
0
0
0
0
0
0
0
0
0
0
0
0
0
0
0
0
0
0
0
0
0
0
0
0
0
0
0
0
0
0
0
0
0
0
0
0
0
0
0
0
0
0
0
0
0
0
0
0
0
0
0
0
0
0
0
0
0
0
0
0
0
0
0
0
0
0
0
0
0
0
0
0
0
0
0
0
0
0
0
0
0
0
403D0E56
403D2F1B
403D4FDF
403D70A4
403D9168
403DB22D
403DD2F2
403DF3B6
403F1AA0
403F3B64
403F5C29
403F7CEE
403F9DB2
403FBE77
403FDF3B
40400000
404126E9
404147AE
40416873
40418937
4041A9FC
4041CAC1
4041EB85
40420C4A
40433333
404353F8
404374BC
40439581
4043B646
4043D70A
4043F7CF
40441893
0
0
0
0
0
0
0
0
0
0
0
0
0
0
0
0
0
0
0
0
0
0
0
0
0
0
0
0
0
0
0
0
0
0
0
0
0
0
0
0
0
0
0
0
0
0
0
0
0
0
0
0
0
0
0
0
0
0
0
0
0
0
0
0
0
0
0
0
0
0
0
0
0
0
0
0
0
0
0
0
0
0
0
0
0
0
0
0
0
0
0
0
0
0
0
0
407E978D
407EB852
407ED917
407EF9DB
407F1AA0
407F3B64
407F5C29
407F7CEE
408051EC
4080624E
408072B0
40808312
40809375
4080A3D7
4080B439
4080C49C
40815810
40816873
408178D5
40818937
4081999A
4081A9FC
4081BA5E
4081CAC1
40825E35
40826E98
40827EFA
40828F5C
40829FBE
4082B021
4082C083
4082D0E5
0
0
0
0
0
0
0
0
0
0
0
0
0
0
0
0
0
0
0
0
0
0
0
0
0
0
0
0
0
0
0
0
0
0
0
0
0
0
0
0
0
0
0
0
0
0
0
0
0
0
0
0
0
0
0
0
0
0
0
0
0
0
0
0
0
0
0
0
0
0
0
0
0
0
0
0
0
0
0
0
0
0
0
0
0
0
0
0
0
0
0
0
0
0
0
0
40A01062
40A020C5
40A03127
40A04189
40A051EC
40A0624E
40A072B0
40A08312
40A11687
40A126E9
40A1374C
40A147AE
40A15810
40A16873
40A178D5
40A18937
40A21CAC
40A22D0E
40A23D71
40A24DD3
40A25E35
40A26E98
40A27EFA
40A28F5C
40A322D1
40A33333
40A34396
40A353F8
40A3645A
40A374BC
40A3851F
40A39581
0
0
0
0
0
0
0
0
0
0
0
0
0
0
0
0
0
0
0
0
0
0
0
0
0
0
0
0
0
0
0
0
0
0
0
0
0
0
0
0
0
0
0
0
0
0
0
0
0
0
0
0
0
0
0
0
0
0
0
0
0
0
0
0
0
0
0
0
0
0
0
0
0
0
0
0
0
0
0
0
0
0
0
0
0
0
0
0
0
0
0
0
0
0
0
0
40C0D4FE
40C0E560
40C0F5C3
40C10625
40C11687
40C126E9
40C1374C
40C147AE
40C1DB23
40C1EB85
40C1FBE7
40C20C4A
40C21CAC
40C22D0E
40C23D71
40C24DD3
40C2E148
40C2F1AA
40C3020C
40C3126F
40C322D1
40C33333
40C34396
40C353F8
40C3E76D
40C3F7CF
40C40831
40C41893
40C428F6
40C43958
40C449BA
40C45A1D
0
0
0
0
0
0
0
0
0
0
0
0
0
0
0
0
0
0
0
0
0
0
0
0
0
0
0
0
0
0
0
0
0
0
0
0
0
0
0
0
0
0
0
0
0
0
0
0
0
0
0
0
0
0
0
0
0
0
0
0
0
0
0
0
0
0
0
0
0
0
0
0
0
0
0
0
0
0
0
0
0
0
0
0
0
0
0
0
0
0
0
0
0
0
0
0
40E1999A
40E1A9FC
40E1BA5E
40E1CAC1
40E1DB23
40E1EB85
40E1FBE7
40E20C4A
40E29FBE
40E2B021
40E2C083
40E2D0E5
40E2E148
40E2F1AA
40E3020C
40E3126F
40E3A5E3
40E3B646
40E3C6A8
40E3D70A
40E3E76D
40E3F7CF
40E40831
40E41893
40E4AC08
40E4BC6A
40E4CCCD
40E4DD2F
40E4ED91
40E4FDF4
40E50E56
40E51EB8
0
0
0
0
0
0
0
0
0
0
0
0
0
0
0
0
0
0
0
0
0
0
0
0
0
0
0
0
0
0
0
0
0
0
0
0
0
0
0
0
0
0
0
0
0
0
0
0
0
0
0
0
0
0
0
0
0
0
0
0
0
0
0
0
0
0
0
0
0
0
0
0
0
0
0
0
0
0
0
0
0
0
0
0
0
0
0
0
0
0
0
0
0
0
0
0
41012F1B
4101374C
41013F7D
410147AE
41014FDF
41015810
41016042
41016873
4101B22D
4101BA5E
4101C28F
4101CAC1
4101D2F2
4101DB23
4101E354
4101EB85
4102353F
41023D71
410245A2
41024DD3
41025604
41025E35
41026666
41026E98
4102B852
4102C083
4102C8B4
4102D0E5
4102D917
4102E148
4102E979
4102F1AA
0
0
0
0
0
0
0
0
0
0
0
0
0
0
0
0
0
0
0
0
0
0
0
0
0
0
0
0
0
0
0
0
0
0
0
0
0
0
0
0
0
0
0
0
0
0
0
0
0
0
0
0
0
0
0
0
0
0
0
0
0
0
0
0
0
0
0
0
0
0
0
0
0
0
0
0
0
0
0
0
0
0
0
0
0
0
0
0
0
0
0
0
0
0
0
0
