4111D2F2
4111DB23
4111E354
4111EB85
4111F3B6
4111FBE7
41120419
41120C4A
0
0
41125604
41125E35
41126666
41126E98
411276C9
41127EFA
4112872B
41128F5C
0
0
4112D917
4112E148
4112E979
4112F1AA
4112F9DB
4113020C
41130A3D
4113126F
0
0
41135C29
4113645A
41136C8B
411374BC
41137CEE
4113851F
41138D50
41139581
0
0
0
0
0
0
0
0
0
0
0
0
0
0
0
0
0
0
0
0
0
0
0
0
0
0
0
0
0
0
0
0
0
0
0
0
0
0
0
0
0
0
0
0
0
0
0
0
0
0
0
0
0
0
0
0
0
0
0
0
0
0
0
0
0
0
0
0
0
0
0
0
0
0
0
0
0
0
0
0
0
0
0
0
0
0
0
0
0
0
0
0
0
0
0
0
0
0
0
0
0
0
0
0
0
0
0
0
0
0
0
0
0
0
0
0
0
0
0
0
0
0
4122353F
41223D71
412245A2
41224DD3
41225604
41225E35
41226666
41226E98
0
0
4122B852
4122C083
4122C8B4
4122D0E5
4122D917
4122E148
4122E979
4122F1AA
0
0
41233B64
41234396
41234BC7
412353F8
41235C29
4123645A
41236C8B
412374BC
0
0
4123BE77
4123C6A8
4123CED9
4123D70A
4123DF3B
4123E76D
4123EF9E
4123F7CF
0
0
0
0
0
0
0
0
0
0
0
0
0
0
0
0
0
0
0
0
0
0
0
0
0
0
0
0
0
0
0
0
0
0
0
0
0
0
0
0
0
0
0
0
0
0
0
0
0
0
0
0
0
0
0
0
0
0
0
0
0
0
0
0
0
0
0
0
0
0
0
0
0
0
0
0
0
0
0
0
0
0
0
0
0
0
0
0
0
0
0
0
0
0
0
0
0
0
0
0
0
0
0
0
0
0
0
0
0
0
0
0
0
0
0
0
0
0
0
0
0
0
4132978D
41329FBE
4132A7F0
4132B021
4132B852
4132C083
4132C8B4
4132D0E5
0
0
41331AA0
413322D1
41332B02
41333333
41333B64
41334396
41334BC7
413353F8
0
0
41339DB2
4133A5E3
4133AE14
4133B646
4133BE77
4133C6A8
4133CED9
4133D70A
0
0
413420C5
413428F6
41343127
41343958
41344189
413449BA
413451EC
41345A1D
0
0
0
0
0
0
0
0
0
0
0
0
0
0
0
0
0
0
0
0
0
0
0
0
0
0
0
0
0
0
0
0
0
0
0
0
0
0
0
0
0
0
0
0
0
0
0
0
0
0
0
0
0
0
0
0
0
0
0
0
0
0
0
0
0
0
0
0
0
0
0
0
0
0
0
0
0
0
0
0
0
0
0
0
0
0
0
0
0
0
0
0
0
0
0
0
0
0
0
0
0
0
0
0
0
0
0
0
0
0
0
0
0
0
0
0
0
0
0
0
0
0
4142F9DB
4143020C
41430A3D
4143126F
41431AA0
414322D1
41432B02
41433333
0
0
41437CEE
4143851F
41438D50
41439581
41439DB2
4143A5E3
4143AE14
4143B646
0
0
41440000
41440831
41441062
41441893
414420C5
414428F6
41443127
41443958
0
0
41448312
41448B44
41449375
41449BA6
4144A3D7
4144AC08
4144B439
4144BC6A
0
0
0
0
0
0
0
0
0
0
0
0
0
0
0
0
0
0
0
0
0
0
0
0
0
0
0
0
0
0
0
0
0
0
0
0
0
0
0
0
0
0
0
0
0
0
0
0
0
0
0
0
0
0
0
0
0
0
0
0
0
0
0
0
0
0
0
0
0
0
0
0
0
0
0
0
0
0
0
0
0
0
0
0
0
0
0
0
0
0
0
0
0
0
0
0
0
0
0
0
0
0
0
0
0
0
0
0
0
0
0
0
0
0
0
0
0
0
0
0
0
0
41535C29
4153645A
41536C8B
415374BC
41537CEE
4153851F
41538D50
41539581
0
0
4153DF3B
4153E76D
4153EF9E
4153F7CF
41540000
41540831
41541062
41541893
0
0
4154624E
41546A7F
415472B0
41547AE1
41548312
41548B44
41549375
41549BA6
0
0
4154E560
4154ED91
4154F5C3
4154FDF4
41550625
41550E56
41551687
41551EB8
0
0
0
0
0
0
0
0
0
0
0
0
0
0
0
0
0
0
0
0
0
0
0
0
0
0
0
0
0
0
0
0
0
0
0
0
0
0
0
0
0
0
0
0
0
0
0
0
0
0
0
0
0
0
0
0
0
0
0
0
0
0
0
0
0
0
0
0
0
0
0
0
0
0
0
0
0
0
0
0
0
0
0
0
0
0
0
0
0
0
0
0
0
0
0
0
0
0
0
0
0
0
0
0
0
0
0
0
0
0
0
0
0
0
0
0
0
0
0
0
0
0
4163BE77
4163C6A8
4163CED9
4163D70A
4163DF3B
4163E76D
4163EF9E
4163F7CF
0
0
41644189
416449BA
416451EC
41645A1D
4164624E
41646A7F
416472B0
41647AE1
0
0
4164C49C
4164CCCD
4164D4FE
4164DD2F
4164E560
4164ED91
4164F5C3
4164FDF4
0
0
416547AE
41654FDF
41655810
41656042
41656873
416570A4
416578D5
41658106
0
0
0
0
0
0
0
0
0
0
0
0
0
0
0
0
0
0
0
0
0
0
0
0
0
0
0
0
0
0
0
0
0
0
0
0
0
0
0
0
0
0
0
0
0
0
0
0
0
0
0
0
0
0
0
0
0
0
0
0
0
0
0
0
0
0
0
0
0
0
0
0
0
0
0
0
0
0
0
0
0
0
0
0
0
0
0
0
0
0
0
0
0
0
0
0
0
0
0
0
0
0
0
0
0
0
0
0
0
0
0
0
0
0
0
0
0
0
0
0
0
0
417420C5
417428F6
41743127
41743958
41744189
417449BA
417451EC
41745A1D
0
0
4174A3D7
4174AC08
4174B439
4174BC6A
4174C49C
4174CCCD
4174D4FE
4174DD2F
0
0
417526E9
41752F1B
4175374C
41753F7D
417547AE
41754FDF
41755810
41756042
0
0
4175A9FC
4175B22D
4175BA5E
4175C28F
4175CAC1
4175D2F2
4175DB23
4175E354
0
0
0
0
0
0
0
0
0
0
0
0
0
0
0
0
0
0
0
0
0
0
0
0
0
0
0
0
0
0
0
0
0
0
0
0
0
0
0
0
0
0
0
0
0
0
0
0
0
0
0
0
0
0
0
0
0
0
0
0
0
0
0
0
0
0
0
0
0
0
0
0
0
0
0
0
0
0
0
0
0
0
0
0
0
0
0
0
0
0
0
0
0
0
0
0
0
0
0
0
0
0
0
0
0
0
0
0
0
0
0
0
0
0
0
0
0
0
0
0
0
0
41824189
418245A2
418249BA
41824DD3
418251EC
41825604
41825A1D
41825E35
0
0
41828312
4182872B
41828B44
41828F5C
41829375
4182978D
41829BA6
41829FBE
0
0
4182C49C
4182C8B4
4182CCCD
4182D0E5
4182D4FE
4182D917
4182DD2F
4182E148
0
0
41830625
41830A3D
41830E56
4183126F
41831687
41831AA0
41831EB8
418322D1
0
0
0
0
0
0
0
0
0
0
0
0
0
0
0
0
0
0
0
0
0
0
0
0
0
0
0
0
0
0
0
0
0
0
0
0
0
0
0
0
0
0
0
0
0
0
0
0
0
0
0
0
0
0
0
0
0
0
0
0
0
0
0
0
0
0
0
0
0
0
0
0
0
0
0
0
0
0
0
0
0
0
0
0
0
0
0
0
0
0
0
0
0
0
0
0
0
0
0
0
0
0
0
0
0
0
0
0
0
0
0
0
0
0
0
0
0
0
0
0
0
0
