4111C28F
4111CAC1
4111D2F2
4111DB23
4111E354
4111EB85
4111F3B6
4111FBE7
411245A2
41124DD3
41125604
41125E35
41126666
41126E98
411276C9
41127EFA
4112C8B4
4112D0E5
4112D917
4112E148
4112E979
4112F1AA
4112F9DB
4113020C
41134BC7
411353F8
41135C29
4113645A
41136C8B
411374BC
41137CEE
4113851F
0
0
0
0
0
0
0
0
0
0
0
0
0
0
0
0
0
0
0
0
0
0
0
0
0
0
0
0
0
0
0
0
0
0
0
0
0
0
0
0
0
0
0
0
0
0
0
0
0
0
0
0
0
0
0
0
0
0
0
0
0
0
0
0
0
0
0
0
0
0
0
0
0
0
0
0
0
0
0
0
0
0
0
0
0
0
0
0
0
0
0
0
0
0
0
0
412224DD
41222D0E
4122353F
41223D71
412245A2
41224DD3
41225604
41225E35
4122A7F0
4122B021
4122B852
4122C083
4122C8B4
4122D0E5
4122D917
4122E148
41232B02
41233333
41233B64
41234396
41234BC7
412353F8
41235C29
4123645A
4123AE14
4123B646
4123BE77
4123C6A8
4123CED9
4123D70A
4123DF3B
4123E76D
0
0
0
0
0
0
0
0
0
0
0
0
0
0
0
0
0
0
0
0
0
0
0
0
0
0
0
0
0
0
0
0
0
0
0
0
0
0
0
0
0
0
0
0
0
0
0
0
0
0
0
0
0
0
0
0
0
0
0
0
0
0
0
0
0
0
0
0
0
0
0
0
0
0
0
0
0
0
0
0
0
0
0
0
0
0
0
0
0
0
0
0
0
0
0
0
4132872B
41328F5C
4132978D
41329FBE
4132A7F0
4132B021
4132B852
4132C083
41330A3D
4133126F
41331AA0
413322D1
41332B02
41333333
41333B64
41334396
41338D50
41339581
41339DB2
4133A5E3
4133AE14
4133B646
4133BE77
4133C6A8
41341062
41341893
413420C5
413428F6
41343127
41343958
41344189
413449BA
0
0
0
0
0
0
0
0
0
0
0
0
0
0
0
0
0
0
0
0
0
0
0
0
0
0
0
0
0
0
0
0
0
0
0
0
0
0
0
0
0
0
0
0
0
0
0
0
0
0
0
0
0
0
0
0
0
0
0
0
0
0
0
0
0
0
0
0
0
0
0
0
0
0
0
0
0
0
0
0
0
0
0
0
0
0
0
0
0
0
0
0
0
0
0
0
4142E979
4142F1AA
4142F9DB
4143020C
41430A3D
4143126F
41431AA0
414322D1
41436C8B
414374BC
41437CEE
4143851F
41438D50
41439581
41439DB2
4143A5E3
4143EF9E
4143F7CF
41440000
41440831
41441062
41441893
414420C5
414428F6
414472B0
41447AE1
41448312
41448B44
41449375
41449BA6
4144A3D7
4144AC08
0
0
0
0
0
0
0
0
0
0
0
0
0
0
0
0
0
0
0
0
0
0
0
0
0
0
0
0
0
0
0
0
0
0
0
0
0
0
0
0
0
0
0
0
0
0
0
0
0
0
0
0
0
0
0
0
0
0
0
0
0
0
0
0
0
0
0
0
0
0
0
0
0
0
0
0
0
0
0
0
0
0
0
0
0
0
0
0
0
0
0
0
0
0
0
0
41534BC7
415353F8
41535C29
4153645A
41536C8B
415374BC
41537CEE
4153851F
4153CED9
4153D70A
4153DF3B
4153E76D
4153EF9E
4153F7CF
41540000
41540831
415451EC
41545A1D
4154624E
41546A7F
415472B0
41547AE1
41548312
41548B44
4154D4FE
4154DD2F
4154E560
4154ED91
4154F5C3
4154FDF4
41550625
41550E56
0
0
0
0
0
0
0
0
0
0
0
0
0
0
0
0
0
0
0
0
0
0
0
0
0
0
0
0
0
0
0
0
0
0
0
0
0
0
0
0
0
0
0
0
0
0
0
0
0
0
0
0
0
0
0
0
0
0
0
0
0
0
0
0
0
0
0
0
0
0
0
0
0
0
0
0
0
0
0
0
0
0
0
0
0
0
0
0
0
0
0
0
0
0
0
0
4163AE14
4163B646
4163BE77
4163C6A8
4163CED9
4163D70A
4163DF3B
4163E76D
41643127
41643958
41644189
416449BA
416451EC
41645A1D
4164624E
41646A7F
4164B439
4164BC6A
4164C49C
4164CCCD
4164D4FE
4164DD2F
4164E560
4164ED91
4165374C
41653F7D
416547AE
41654FDF
41655810
41656042
41656873
416570A4
0
0
0
0
0
0
0
0
0
0
0
0
0
0
0
0
0
0
0
0
0
0
0
0
0
0
0
0
0
0
0
0
0
0
0
0
0
0
0
0
0
0
0
0
0
0
0
0
0
0
0
0
0
0
0
0
0
0
0
0
0
0
0
0
0
0
0
0
0
0
0
0
0
0
0
0
0
0
0
0
0
0
0
0
0
0
0
0
0
0
0
0
0
0
0
0
41741062
41741893
417420C5
417428F6
41743127
41743958
41744189
417449BA
41749375
41749BA6
4174A3D7
4174AC08
4174B439
4174BC6A
4174C49C
4174CCCD
41751687
41751EB8
417526E9
41752F1B
4175374C
41753F7D
417547AE
41754FDF
4175999A
4175A1CB
4175A9FC
4175B22D
4175BA5E
4175C28F
4175CAC1
4175D2F2
0
0
0
0
0
0
0
0
0
0
0
0
0
0
0
0
0
0
0
0
0
0
0
0
0
0
0
0
0
0
0
0
0
0
0
0
0
0
0
0
0
0
0
0
0
0
0
0
0
0
0
0
0
0
0
0
0
0
0
0
0
0
0
0
0
0
0
0
0
0
0
0
0
0
0
0
0
0
0
0
0
0
0
0
0
0
0
0
0
0
0
0
0
0
0
0
41823958
41823D71
41824189
418245A2
418249BA
41824DD3
418251EC
41825604
41827AE1
41827EFA
41828312
4182872B
41828B44
41828F5C
41829375
4182978D
4182BC6A
4182C083
4182C49C
4182C8B4
4182CCCD
4182D0E5
4182D4FE
4182D917
4182FDF4
4183020C
41830625
41830A3D
41830E56
4183126F
41831687
41831AA0
0
0
0
0
0
0
0
0
0
0
0
0
0
0
0
0
0
0
0
0
0
0
0
0
0
0
0
0
0
0
0
0
0
0
0
0
0
0
0
0
0
0
0
0
0
0
0
0
0
0
0
0
0
0
0
0
0
0
0
0
0
0
0
0
0
0
0
0
0
0
0
0
0
0
0
0
0
0
0
0
0
0
0
0
0
0
0
0
0
0
0
0
0
0
0
0
