411947AE
4119999A
4119EB85
411A3D71
411A8F5C
411AE148
411B3333
411B851F
411E6666
411EB852
411F0A3D
411F5C29
411FAE14
41200000
412051EC
4120A3D7
4123851F
4123D70A
412428F6
41247AE1
4124CCCD
41251EB8
412570A4
4125C28F
4128A3D7
4128F5C3
412947AE
4129999A
4129EB85
412A3D71
412A8F5C
412AE148
0
0
0
0
0
0
0
0
0
0
0
0
0
0
0
0
0
0
0
0
0
0
0
0
0
0
0
0
0
0
0
0
0
0
0
0
0
0
0
0
0
0
0
0
0
0
0
0
0
0
0
0
0
0
0
0
0
0
0
0
0
0
0
0
0
0
0
0
0
0
0
0
0
0
0
0
0
0
0
0
0
0
0
0
0
0
0
0
0
0
0
0
0
0
0
0
419E8F5C
419EB852
419EE148
419F0A3D
419F3333
419F5C29
419F851F
419FAE14
41A11EB8
41A147AE
41A170A4
41A1999A
41A1C28F
41A1EB85
41A2147B
41A23D71
41A3AE14
41A3D70A
41A40000
41A428F6
41A451EC
41A47AE1
41A4A3D7
41A4CCCD
41A63D71
41A66666
41A68F5C
41A6B852
41A6E148
41A70A3D
41A73333
41A75C29
0
0
0
0
0
0
0
0
0
0
0
0
0
0
0
0
0
0
0
0
0
0
0
0
0
0
0
0
0
0
0
0
0
0
0
0
0
0
0
0
0
0
0
0
0
0
0
0
0
0
0
0
0
0
0
0
0
0
0
0
0
0
0
0
0
0
0
0
0
0
0
0
0
0
0
0
0
0
0
0
0
0
0
0
0
0
0
0
0
0
0
0
0
0
0
0
41F07AE1
41F0A3D7
41F0CCCD
41F0F5C3
41F11EB8
41F147AE
41F170A4
41F1999A
41F30A3D
41F33333
41F35C29
41F3851F
41F3AE14
41F3D70A
41F40000
41F428F6
41F5999A
41F5C28F
41F5EB85
41F6147B
41F63D71
41F66666
41F68F5C
41F6B852
41F828F6
41F851EC
41F87AE1
41F8A3D7
41F8CCCD
41F8F5C3
41F91EB8
41F947AE
0
0
0
0
0
0
0
0
0
0
0
0
0
0
0
0
0
0
0
0
0
0
0
0
0
0
0
0
0
0
0
0
0
0
0
0
0
0
0
0
0
0
0
0
0
0
0
0
0
0
0
0
0
0
0
0
0
0
0
0
0
0
0
0
0
0
0
0
0
0
0
0
0
0
0
0
0
0
0
0
0
0
0
0
0
0
0
0
0
0
0
0
0
0
0
0
42213333
422147AE
42215C29
422170A4
4221851F
4221999A
4221AE14
4221C28F
42227AE1
42228F5C
4222A3D7
4222B852
4222CCCD
4222E148
4222F5C3
42230A3D
4223C28F
4223D70A
4223EB85
42240000
4224147B
422428F6
42243D71
422451EC
42250A3D
42251EB8
42253333
422547AE
42255C29
422570A4
4225851F
4225999A
0
0
0
0
0
0
0
0
0
0
0
0
0
0
0
0
0
0
0
0
0
0
0
0
0
0
0
0
0
0
0
0
0
0
0
0
0
0
0
0
0
0
0
0
0
0
0
0
0
0
0
0
0
0
0
0
0
0
0
0
0
0
0
0
0
0
0
0
0
0
0
0
0
0
0
0
0
0
0
0
0
0
0
0
0
0
0
0
0
0
0
0
0
0
0
0
424A28F6
424A3D71
424A51EC
424A6666
424A7AE1
424A8F5C
424AA3D7
424AB852
424B70A4
424B851F
424B999A
424BAE14
424BC28F
424BD70A
424BEB85
424C0000
424CB852
424CCCCD
424CE148
424CF5C3
424D0A3D
424D1EB8
424D3333
424D47AE
424E0000
424E147B
424E28F6
424E3D71
424E51EC
424E6666
424E7AE1
424E8F5C
0
0
0
0
0
0
0
0
0
0
0
0
0
0
0
0
0
0
0
0
0
0
0
0
0
0
0
0
0
0
0
0
0
0
0
0
0
0
0
0
0
0
0
0
0
0
0
0
0
0
0
0
0
0
0
0
0
0
0
0
0
0
0
0
0
0
0
0
0
0
0
0
0
0
0
0
0
0
0
0
0
0
0
0
0
0
0
0
0
0
0
0
0
0
0
0
42731EB8
42733333
427347AE
42735C29
427370A4
4273851F
4273999A
4273AE14
42746666
42747AE1
42748F5C
4274A3D7
4274B852
4274CCCD
4274E148
4274F5C3
4275AE14
4275C28F
4275D70A
4275EB85
42760000
4276147B
427628F6
42763D71
4276F5C3
42770A3D
42771EB8
42773333
427747AE
42775C29
427770A4
4277851F
0
0
0
0
0
0
0
0
0
0
0
0
0
0
0
0
0
0
0
0
0
0
0
0
0
0
0
0
0
0
0
0
0
0
0
0
0
0
0
0
0
0
0
0
0
0
0
0
0
0
0
0
0
0
0
0
0
0
0
0
0
0
0
0
0
0
0
0
0
0
0
0
0
0
0
0
0
0
0
0
0
0
0
0
0
0
0
0
0
0
0
0
0
0
0
0
428E0A3D
428E147B
428E1EB8
428E28F6
428E3333
428E3D71
428E47AE
428E51EC
428EAE14
428EB852
428EC28F
428ECCCD
428ED70A
428EE148
428EEB85
428EF5C3
428F51EC
428F5C29
428F6666
428F70A4
428F7AE1
428F851F
428F8F5C
428F999A
428FF5C3
42900000
42900A3D
4290147B
42901EB8
429028F6
42903333
42903D71
0
0
0
0
0
0
0
0
0
0
0
0
0
0
0
0
0
0
0
0
0
0
0
0
0
0
0
0
0
0
0
0
0
0
0
0
0
0
0
0
0
0
0
0
0
0
0
0
0
0
0
0
0
0
0
0
0
0
0
0
0
0
0
0
0
0
0
0
0
0
0
0
0
0
0
0
0
0
0
0
0
0
0
0
0
0
0
0
0
0
0
0
0
0
0
0
42A2851F
42A28F5C
42A2999A
42A2A3D7
42A2AE14
42A2B852
42A2C28F
42A2CCCD
42A328F6
42A33333
42A33D71
42A347AE
42A351EC
42A35C29
42A36666
42A370A4
42A3CCCD
42A3D70A
42A3E148
42A3EB85
42A3F5C3
42A40000
42A40A3D
42A4147B
42A470A4
42A47AE1
42A4851F
42A48F5C
42A4999A
42A4A3D7
42A4AE14
42A4B852
0
0
0
0
0
0
0
0
0
0
0
0
0
0
0
0
0
0
0
0
0
0
0
0
0
0
0
0
0
0
0
0
0
0
0
0
0
0
0
0
0
0
0
0
0
0
0
0
0
0
0
0
0
0
0
0
0
0
0
0
0
0
0
0
0
0
0
0
0
0
0
0
0
0
0
0
0
0
0
0
0
0
0
0
0
0
0
0
0
0
0
0
0
0
0
0
