42B6C28F
42B6CCCD
42B6D70A
42B6E148
42B6EB85
42B6F5C3
42B70000
42B70A3D
42B76666
42B770A4
42B77AE1
42B7851F
42B78F5C
42B7999A
42B7A3D7
42B7AE14
42B80A3D
42B8147B
42B81EB8
42B828F6
42B83333
42B83D71
42B847AE
42B851EC
42B8AE14
42B8B852
42B8C28F
42B8CCCD
42B8D70A
42B8E148
42B8EB85
42B8F5C3
0
0
0
0
0
0
0
0
0
0
0
0
0
0
0
0
0
0
0
0
0
0
0
0
0
0
0
0
0
0
0
0
0
0
0
0
0
0
0
0
0
0
0
0
0
0
0
0
0
0
0
0
0
0
0
0
0
0
0
0
0
0
0
0
0
0
0
0
0
0
0
0
0
0
0
0
0
0
0
0
0
0
0
0
0
0
0
0
0
0
0
0
0
0
0
0
42CB3D71
42CB47AE
42CB51EC
42CB5C29
42CB6666
42CB70A4
42CB7AE1
42CB851F
42CBE148
42CBEB85
42CBF5C3
42CC0000
42CC0A3D
42CC147B
42CC1EB8
42CC28F6
42CC851F
42CC8F5C
42CC999A
42CCA3D7
42CCAE14
42CCB852
42CCC28F
42CCCCCD
42CD28F6
42CD3333
42CD3D71
42CD47AE
42CD51EC
42CD5C29
42CD6666
42CD70A4
0
0
0
0
0
0
0
0
0
0
0
0
0
0
0
0
0
0
0
0
0
0
0
0
0
0
0
0
0
0
0
0
0
0
0
0
0
0
0
0
0
0
0
0
0
0
0
0
0
0
0
0
0
0
0
0
0
0
0
0
0
0
0
0
0
0
0
0
0
0
0
0
0
0
0
0
0
0
0
0
0
0
0
0
0
0
0
0
0
0
0
0
0
0
0
0
42DFB852
42DFC28F
42DFCCCD
42DFD70A
42DFE148
42DFEB85
42DFF5C3
42E00000
42E05C29
42E06666
42E070A4
42E07AE1
42E0851F
42E08F5C
42E0999A
42E0A3D7
42E10000
42E10A3D
42E1147B
42E11EB8
42E128F6
42E13333
42E13D71
42E147AE
42E1A3D7
42E1AE14
42E1B852
42E1C28F
42E1CCCD
42E1D70A
42E1E148
42E1EB85
0
0
0
0
0
0
0
0
0
0
0
0
0
0
0
0
0
0
0
0
0
0
0
0
0
0
0
0
0
0
0
0
0
0
0
0
0
0
0
0
0
0
0
0
0
0
0
0
0
0
0
0
0
0
0
0
0
0
0
0
0
0
0
0
0
0
0
0
0
0
0
0
0
0
0
0
0
0
0
0
0
0
0
0
0
0
0
0
0
0
0
0
0
0
0
0
42F43333
42F43D71
42F447AE
42F451EC
42F45C29
42F46666
42F470A4
42F47AE1
42F4D70A
42F4E148
42F4EB85
42F4F5C3
42F50000
42F50A3D
42F5147B
42F51EB8
42F57AE1
42F5851F
42F58F5C
42F5999A
42F5A3D7
42F5AE14
42F5B852
42F5C28F
42F61EB8
42F628F6
42F63333
42F63D71
42F647AE
42F651EC
42F65C29
42F66666
0
0
0
0
0
0
0
0
0
0
0
0
0
0
0
0
0
0
0
0
0
0
0
0
0
0
0
0
0
0
0
0
0
0
0
0
0
0
0
0
0
0
0
0
0
0
0
0
0
0
0
0
0
0
0
0
0
0
0
0
0
0
0
0
0
0
0
0
0
0
0
0
0
0
0
0
0
0
0
0
0
0
0
0
0
0
0
0
0
0
0
0
0
0
0
0
4304570A
43045C29
43046148
43046666
43046B85
430470A4
430475C3
43047AE1
4304A8F6
4304AE14
4304B333
4304B852
4304BD71
4304C28F
4304C7AE
4304CCCD
4304FAE1
43050000
4305051F
43050A3D
43050F5C
4305147B
4305199A
43051EB8
43054CCD
430551EC
4305570A
43055C29
43056148
43056666
43056B85
430570A4
0
0
0
0
0
0
0
0
0
0
0
0
0
0
0
0
0
0
0
0
0
0
0
0
0
0
0
0
0
0
0
0
0
0
0
0
0
0
0
0
0
0
0
0
0
0
0
0
0
0
0
0
0
0
0
0
0
0
0
0
0
0
0
0
0
0
0
0
0
0
0
0
0
0
0
0
0
0
0
0
0
0
0
0
0
0
0
0
0
0
0
0
0
0
0
0
430E947B
430E999A
430E9EB8
430EA3D7
430EA8F6
430EAE14
430EB333
430EB852
430EE666
430EEB85
430EF0A4
430EF5C3
430EFAE1
430F0000
430F051F
430F0A3D
430F3852
430F3D71
430F428F
430F47AE
430F4CCD
430F51EC
430F570A
430F5C29
430F8A3D
430F8F5C
430F947B
430F999A
430F9EB8
430FA3D7
430FA8F6
430FAE14
0
0
0
0
0
0
0
0
0
0
0
0
0
0
0
0
0
0
0
0
0
0
0
0
0
0
0
0
0
0
0
0
0
0
0
0
0
0
0
0
0
0
0
0
0
0
0
0
0
0
0
0
0
0
0
0
0
0
0
0
0
0
0
0
0
0
0
0
0
0
0
0
0
0
0
0
0
0
0
0
0
0
0
0
0
0
0
0
0
0
0
0
0
0
0
0
4318D1EC
4318D70A
4318DC29
4318E148
4318E666
4318EB85
4318F0A4
4318F5C3
431923D7
431928F6
43192E14
43193333
43193852
43193D71
4319428F
431947AE
431975C3
43197AE1
43198000
4319851F
43198A3D
43198F5C
4319947B
4319999A
4319C7AE
4319CCCD
4319D1EC
4319D70A
4319DC29
4319E148
4319E666
4319EB85
0
0
0
0
0
0
0
0
0
0
0
0
0
0
0
0
0
0
0
0
0
0
0
0
0
0
0
0
0
0
0
0
0
0
0
0
0
0
0
0
0
0
0
0
0
0
0
0
0
0
0
0
0
0
0
0
0
0
0
0
0
0
0
0
0
0
0
0
0
0
0
0
0
0
0
0
0
0
0
0
0
0
0
0
0
0
0
0
0
0
0
0
0
0
0
0
43230F5C
4323147B
4323199A
43231EB8
432323D7
432328F6
43232E14
43233333
43236148
43236666
43236B85
432370A4
432375C3
43237AE1
43238000
4323851F
4323B333
4323B852
4323BD71
4323C28F
4323C7AE
4323CCCD
4323D1EC
4323D70A
4324051F
43240A3D
43240F5C
4324147B
4324199A
43241EB8
432423D7
432428F6
0
0
0
0
0
0
0
0
0
0
0
0
0
0
0
0
0
0
0
0
0
0
0
0
0
0
0
0
0
0
0
0
0
0
0
0
0
0
0
0
0
0
0
0
0
0
0
0
0
0
0
0
0
0
0
0
0
0
0
0
0
0
0
0
0
0
0
0
0
0
0
0
0
0
0
0
0
0
0
0
0
0
0
0
0
0
0
0
0
0
0
0
0
0
0
0
