3F6E147B
3F6E978D
3F6F1AA0
3F6F9DB2
0
0
0
0
3F7645A2
3F76C8B4
3F774BC7
3F77CED9
0
0
0
0
3F7E76C9
3F7EF9DB
3F7F7CEE
3F800000
0
0
0
0
3F8353F8
3F839581
3F83D70A
3F841893
0
0
0
0
0
0
0
0
0
0
0
0
0
0
0
0
0
0
0
0
0
0
0
0
0
0
0
0
0
0
0
0
0
0
0
0
0
0
0
0
0
0
0
0
0
0
0
0
0
0
0
0
0
0
0
0
0
0
0
0
0
0
0
0
0
0
0
0
0
0
0
0
0
0
0
0
0
0
0
0
0
0
0
0
0
0
0
0
0
0
0
0
0
0
0
0
0
0
0
0
3FFA1CAC
3FFA5E35
3FFA9FBE
3FFAE148
0
0
0
0
3FFE353F
3FFE76C9
3FFEB852
3FFEF9DB
0
0
0
0
400126E9
400147AE
40016873
40018937
0
0
0
0
40033333
400353F8
400374BC
40039581
0
0
0
0
0
0
0
0
0
0
0
0
0
0
0
0
0
0
0
0
0
0
0
0
0
0
0
0
0
0
0
0
0
0
0
0
0
0
0
0
0
0
0
0
0
0
0
0
0
0
0
0
0
0
0
0
0
0
0
0
0
0
0
0
0
0
0
0
0
0
0
0
0
0
0
0
0
0
0
0
0
0
0
0
0
0
0
0
0
0
0
0
0
0
0
0
0
0
0
0
403E978D
403EB852
403ED917
403EF9DB
0
0
0
0
4040A3D7
4040C49C
4040E560
40410625
0
0
0
0
4042B021
4042D0E5
4042F1AA
4043126F
0
0
0
0
4044BC6A
4044DD2F
4044FDF4
40451EB8
0
0
0
0
0
0
0
0
0
0
0
0
0
0
0
0
0
0
0
0
0
0
0
0
0
0
0
0
0
0
0
0
0
0
0
0
0
0
0
0
0
0
0
0
0
0
0
0
0
0
0
0
0
0
0
0
0
0
0
0
0
0
0
0
0
0
0
0
0
0
0
0
0
0
0
0
0
0
0
0
0
0
0
0
0
0
0
0
0
0
0
0
0
0
0
0
0
0
0
0
40801062
408020C5
40803127
40804189
0
0
0
0
40811687
408126E9
4081374C
408147AE
0
0
0
0
40821CAC
40822D0E
40823D71
40824DD3
0
0
0
0
408322D1
40833333
40834396
408353F8
0
0
0
0
0
0
0
0
0
0
0
0
0
0
0
0
0
0
0
0
0
0
0
0
0
0
0
0
0
0
0
0
0
0
0
0
0
0
0
0
0
0
0
0
0
0
0
0
0
0
0
0
0
0
0
0
0
0
0
0
0
0
0
0
0
0
0
0
0
0
0
0
0
0
0
0
0
0
0
0
0
0
0
0
0
0
0
0
0
0
0
0
0
0
0
0
0
0
0
0
40A0D4FE
40A0E560
40A0F5C3
40A10625
0
0
0
0
40A1DB23
40A1EB85
40A1FBE7
40A20C4A
0
0
0
0
40A2E148
40A2F1AA
40A3020C
40A3126F
0
0
0
0
40A3E76D
40A3F7CF
40A40831
40A41893
0
0
0
0
0
0
0
0
0
0
0
0
0
0
0
0
0
0
0
0
0
0
0
0
0
0
0
0
0
0
0
0
0
0
0
0
0
0
0
0
0
0
0
0
0
0
0
0
0
0
0
0
0
0
0
0
0
0
0
0
0
0
0
0
0
0
0
0
0
0
0
0
0
0
0
0
0
0
0
0
0
0
0
0
0
0
0
0
0
0
0
0
0
0
0
0
0
0
0
0
40C1999A
40C1A9FC
40C1BA5E
40C1CAC1
0
0
0
0
40C29FBE
40C2B021
40C2C083
40C2D0E5
0
0
0
0
40C3A5E3
40C3B646
40C3C6A8
40C3D70A
0
0
0
0
40C4AC08
40C4BC6A
40C4CCCD
40C4DD2F
0
0
0
0
0
0
0
0
0
0
0
0
0
0
0
0
0
0
0
0
0
0
0
0
0
0
0
0
0
0
0
0
0
0
0
0
0
0
0
0
0
0
0
0
0
0
0
0
0
0
0
0
0
0
0
0
0
0
0
0
0
0
0
0
0
0
0
0
0
0
0
0
0
0
0
0
0
0
0
0
0
0
0
0
0
0
0
0
0
0
0
0
0
0
0
0
0
0
0
0
40E25E35
40E26E98
40E27EFA
40E28F5C
0
0
0
0
40E3645A
40E374BC
40E3851F
40E39581
0
0
0
0
40E46A7F
40E47AE1
40E48B44
40E49BA6
0
0
0
0
40E570A4
40E58106
40E59168
40E5A1CB
0
0
0
0
0
0
0
0
0
0
0
0
0
0
0
0
0
0
0
0
0
0
0
0
0
0
0
0
0
0
0
0
0
0
0
0
0
0
0
0
0
0
0
0
0
0
0
0
0
0
0
0
0
0
0
0
0
0
0
0
0
0
0
0
0
0
0
0
0
0
0
0
0
0
0
0
0
0
0
0
0
0
0
0
0
0
0
0
0
0
0
0
0
0
0
0
0
0
0
0
41019168
4101999A
4101A1CB
4101A9FC
0
0
0
0
4102147B
41021CAC
410224DD
41022D0E
0
0
0
0
4102978D
41029FBE
4102A7F0
4102B021
0
0
0
0
41031AA0
410322D1
41032B02
41033333
0
0
0
0
0
0
0
0
0
0
0
0
0
0
0
0
0
0
0
0
0
0
0
0
0
0
0
0
0
0
0
0
0
0
0
0
0
0
0
0
0
0
0
0
0
0
0
0
0
0
0
0
0
0
0
0
0
0
0
0
0
0
0
0
0
0
0
0
0
0
0
0
0
0
0
0
0
0
0
0
0
0
0
0
0
0
0
0
0
0
0
0
0
0
0
0
0
0
0
0
