4111F3B6
4111FBE7
41120419
41120C4A
0
0
0
0
411276C9
41127EFA
4112872B
41128F5C
0
0
0
0
4112F9DB
4113020C
41130A3D
4113126F
0
0
0
0
41137CEE
4113851F
41138D50
41139581
0
0
0
0
0
0
0
0
0
0
0
0
0
0
0
0
0
0
0
0
0
0
0
0
0
0
0
0
0
0
0
0
0
0
0
0
0
0
0
0
0
0
0
0
0
0
0
0
0
0
0
0
0
0
0
0
0
0
0
0
0
0
0
0
0
0
0
0
0
0
0
0
0
0
0
0
0
0
0
0
0
0
0
0
0
0
0
0
0
0
0
0
0
0
0
0
0
0
0
0
41225604
41225E35
41226666
41226E98
0
0
0
0
4122D917
4122E148
4122E979
4122F1AA
0
0
0
0
41235C29
4123645A
41236C8B
412374BC
0
0
0
0
4123DF3B
4123E76D
4123EF9E
4123F7CF
0
0
0
0
0
0
0
0
0
0
0
0
0
0
0
0
0
0
0
0
0
0
0
0
0
0
0
0
0
0
0
0
0
0
0
0
0
0
0
0
0
0
0
0
0
0
0
0
0
0
0
0
0
0
0
0
0
0
0
0
0
0
0
0
0
0
0
0
0
0
0
0
0
0
0
0
0
0
0
0
0
0
0
0
0
0
0
0
0
0
0
0
0
0
0
0
0
0
0
0
4132B852
4132C083
4132C8B4
4132D0E5
0
0
0
0
41333B64
41334396
41334BC7
413353F8
0
0
0
0
4133BE77
4133C6A8
4133CED9
4133D70A
0
0
0
0
41344189
413449BA
413451EC
41345A1D
0
0
0
0
0
0
0
0
0
0
0
0
0
0
0
0
0
0
0
0
0
0
0
0
0
0
0
0
0
0
0
0
0
0
0
0
0
0
0
0
0
0
0
0
0
0
0
0
0
0
0
0
0
0
0
0
0
0
0
0
0
0
0
0
0
0
0
0
0
0
0
0
0
0
0
0
0
0
0
0
0
0
0
0
0
0
0
0
0
0
0
0
0
0
0
0
0
0
0
0
41431AA0
414322D1
41432B02
41433333
0
0
0
0
41439DB2
4143A5E3
4143AE14
4143B646
0
0
0
0
414420C5
414428F6
41443127
41443958
0
0
0
0
4144A3D7
4144AC08
4144B439
4144BC6A
0
0
0
0
0
0
0
0
0
0
0
0
0
0
0
0
0
0
0
0
0
0
0
0
0
0
0
0
0
0
0
0
0
0
0
0
0
0
0
0
0
0
0
0
0
0
0
0
0
0
0
0
0
0
0
0
0
0
0
0
0
0
0
0
0
0
0
0
0
0
0
0
0
0
0
0
0
0
0
0
0
0
0
0
0
0
0
0
0
0
0
0
0
0
0
0
0
0
0
0
41537CEE
4153851F
41538D50
41539581
0
0
0
0
41540000
41540831
41541062
41541893
0
0
0
0
41548312
41548B44
41549375
41549BA6
0
0
0
0
41550625
41550E56
41551687
41551EB8
0
0
0
0
0
0
0
0
0
0
0
0
0
0
0
0
0
0
0
0
0
0
0
0
0
0
0
0
0
0
0
0
0
0
0
0
0
0
0
0
0
0
0
0
0
0
0
0
0
0
0
0
0
0
0
0
0
0
0
0
0
0
0
0
0
0
0
0
0
0
0
0
0
0
0
0
0
0
0
0
0
0
0
0
0
0
0
0
0
0
0
0
0
0
0
0
0
0
0
0
4163DF3B
4163E76D
4163EF9E
4163F7CF
0
0
0
0
4164624E
41646A7F
416472B0
41647AE1
0
0
0
0
4164E560
4164ED91
4164F5C3
4164FDF4
0
0
0
0
41656873
416570A4
416578D5
41658106
0
0
0
0
0
0
0
0
0
0
0
0
0
0
0
0
0
0
0
0
0
0
0
0
0
0
0
0
0
0
0
0
0
0
0
0
0
0
0
0
0
0
0
0
0
0
0
0
0
0
0
0
0
0
0
0
0
0
0
0
0
0
0
0
0
0
0
0
0
0
0
0
0
0
0
0
0
0
0
0
0
0
0
0
0
0
0
0
0
0
0
0
0
0
0
0
0
0
0
0
41744189
417449BA
417451EC
41745A1D
0
0
0
0
4174C49C
4174CCCD
4174D4FE
4174DD2F
0
0
0
0
417547AE
41754FDF
41755810
41756042
0
0
0
0
4175CAC1
4175D2F2
4175DB23
4175E354
0
0
0
0
0
0
0
0
0
0
0
0
0
0
0
0
0
0
0
0
0
0
0
0
0
0
0
0
0
0
0
0
0
0
0
0
0
0
0
0
0
0
0
0
0
0
0
0
0
0
0
0
0
0
0
0
0
0
0
0
0
0
0
0
0
0
0
0
0
0
0
0
0
0
0
0
0
0
0
0
0
0
0
0
0
0
0
0
0
0
0
0
0
0
0
0
0
0
0
0
418251EC
41825604
41825A1D
41825E35
0
0
0
0
41829375
4182978D
41829BA6
41829FBE
0
0
0
0
4182D4FE
4182D917
4182DD2F
4182E148
0
0
0
0
41831687
41831AA0
41831EB8
418322D1
0
0
0
0
0
0
0
0
0
0
0
0
0
0
0
0
0
0
0
0
0
0
0
0
0
0
0
0
0
0
0
0
0
0
0
0
0
0
0
0
0
0
0
0
0
0
0
0
0
0
0
0
0
0
0
0
0
0
0
0
0
0
0
0
0
0
0
0
0
0
0
0
0
0
0
0
0
0
0
0
0
0
0
0
0
0
0
0
0
0
0
0
0
0
0
0
0
0
0
0
