41175C29
4117AE14
41180000
411851EC
4118A3D7
4118F5C3
411947AE
4119999A
411C7AE1
411CCCCD
411D1EB8
411D70A4
411DC28F
411E147B
411E6666
411EB852
4121999A
4121EB85
41223D71
41228F5C
4122E148
41233333
4123851F
4123D70A
4126B852
41270A3D
41275C29
4127AE14
41280000
412851EC
4128A3D7
4128F5C3
0
0
0
0
0
0
0
0
0
0
0
0
0
0
0
0
0
0
0
0
0
0
0
0
0
0
0
0
0
0
0
0
0
0
0
0
0
0
0
0
0
0
0
0
0
0
0
0
0
0
0
0
0
0
0
0
0
0
0
0
0
0
0
0
0
0
0
0
0
0
0
0
0
0
0
0
0
0
0
0
0
0
0
0
0
0
0
0
0
0
0
0
0
0
0
0
419D999A
419DC28F
419DEB85
419E147B
419E3D71
419E6666
419E8F5C
419EB852
41A028F6
41A051EC
41A07AE1
41A0A3D7
41A0CCCD
41A0F5C3
41A11EB8
41A147AE
41A2B852
41A2E148
41A30A3D
41A33333
41A35C29
41A3851F
41A3AE14
41A3D70A
41A547AE
41A570A4
41A5999A
41A5C28F
41A5EB85
41A6147B
41A63D71
41A66666
0
0
0
0
0
0
0
0
0
0
0
0
0
0
0
0
0
0
0
0
0
0
0
0
0
0
0
0
0
0
0
0
0
0
0
0
0
0
0
0
0
0
0
0
0
0
0
0
0
0
0
0
0
0
0
0
0
0
0
0
0
0
0
0
0
0
0
0
0
0
0
0
0
0
0
0
0
0
0
0
0
0
0
0
0
0
0
0
0
0
0
0
0
0
0
0
41EF851F
41EFAE14
41EFD70A
41F00000
41F028F6
41F051EC
41F07AE1
41F0A3D7
41F2147B
41F23D71
41F26666
41F28F5C
41F2B852
41F2E148
41F30A3D
41F33333
41F4A3D7
41F4CCCD
41F4F5C3
41F51EB8
41F547AE
41F570A4
41F5999A
41F5C28F
41F73333
41F75C29
41F7851F
41F7AE14
41F7D70A
41F80000
41F828F6
41F851EC
0
0
0
0
0
0
0
0
0
0
0
0
0
0
0
0
0
0
0
0
0
0
0
0
0
0
0
0
0
0
0
0
0
0
0
0
0
0
0
0
0
0
0
0
0
0
0
0
0
0
0
0
0
0
0
0
0
0
0
0
0
0
0
0
0
0
0
0
0
0
0
0
0
0
0
0
0
0
0
0
0
0
0
0
0
0
0
0
0
0
0
0
0
0
0
0
4220B852
4220CCCD
4220E148
4220F5C3
42210A3D
42211EB8
42213333
422147AE
42220000
4222147B
422228F6
42223D71
422251EC
42226666
42227AE1
42228F5C
422347AE
42235C29
422370A4
4223851F
4223999A
4223AE14
4223C28F
4223D70A
42248F5C
4224A3D7
4224B852
4224CCCD
4224E148
4224F5C3
42250A3D
42251EB8
0
0
0
0
0
0
0
0
0
0
0
0
0
0
0
0
0
0
0
0
0
0
0
0
0
0
0
0
0
0
0
0
0
0
0
0
0
0
0
0
0
0
0
0
0
0
0
0
0
0
0
0
0
0
0
0
0
0
0
0
0
0
0
0
0
0
0
0
0
0
0
0
0
0
0
0
0
0
0
0
0
0
0
0
0
0
0
0
0
0
0
0
0
0
0
0
4249AE14
4249C28F
4249D70A
4249EB85
424A0000
424A147B
424A28F6
424A3D71
424AF5C3
424B0A3D
424B1EB8
424B3333
424B47AE
424B5C29
424B70A4
424B851F
424C3D71
424C51EC
424C6666
424C7AE1
424C8F5C
424CA3D7
424CB852
424CCCCD
424D851F
424D999A
424DAE14
424DC28F
424DD70A
424DEB85
424E0000
424E147B
0
0
0
0
0
0
0
0
0
0
0
0
0
0
0
0
0
0
0
0
0
0
0
0
0
0
0
0
0
0
0
0
0
0
0
0
0
0
0
0
0
0
0
0
0
0
0
0
0
0
0
0
0
0
0
0
0
0
0
0
0
0
0
0
0
0
0
0
0
0
0
0
0
0
0
0
0
0
0
0
0
0
0
0
0
0
0
0
0
0
0
0
0
0
0
0
4272A3D7
4272B852
4272CCCD
4272E148
4272F5C3
42730A3D
42731EB8
42733333
4273EB85
42740000
4274147B
427428F6
42743D71
427451EC
42746666
42747AE1
42753333
427547AE
42755C29
427570A4
4275851F
4275999A
4275AE14
4275C28F
42767AE1
42768F5C
4276A3D7
4276B852
4276CCCD
4276E148
4276F5C3
42770A3D
0
0
0
0
0
0
0
0
0
0
0
0
0
0
0
0
0
0
0
0
0
0
0
0
0
0
0
0
0
0
0
0
0
0
0
0
0
0
0
0
0
0
0
0
0
0
0
0
0
0
0
0
0
0
0
0
0
0
0
0
0
0
0
0
0
0
0
0
0
0
0
0
0
0
0
0
0
0
0
0
0
0
0
0
0
0
0
0
0
0
0
0
0
0
0
0
428DCCCD
428DD70A
428DE148
428DEB85
428DF5C3
428E0000
428E0A3D
428E147B
428E70A4
428E7AE1
428E851F
428E8F5C
428E999A
428EA3D7
428EAE14
428EB852
428F147B
428F1EB8
428F28F6
428F3333
428F3D71
428F47AE
428F51EC
428F5C29
428FB852
428FC28F
428FCCCD
428FD70A
428FE148
428FEB85
428FF5C3
42900000
0
0
0
0
0
0
0
0
0
0
0
0
0
0
0
0
0
0
0
0
0
0
0
0
0
0
0
0
0
0
0
0
0
0
0
0
0
0
0
0
0
0
0
0
0
0
0
0
0
0
0
0
0
0
0
0
0
0
0
0
0
0
0
0
0
0
0
0
0
0
0
0
0
0
0
0
0
0
0
0
0
0
0
0
0
0
0
0
0
0
0
0
0
0
0
0
42A247AE
42A251EC
42A25C29
42A26666
42A270A4
42A27AE1
42A2851F
42A28F5C
42A2EB85
42A2F5C3
42A30000
42A30A3D
42A3147B
42A31EB8
42A328F6
42A33333
42A38F5C
42A3999A
42A3A3D7
42A3AE14
42A3B852
42A3C28F
42A3CCCD
42A3D70A
42A43333
42A43D71
42A447AE
42A451EC
42A45C29
42A46666
42A470A4
42A47AE1
0
0
0
0
0
0
0
0
0
0
0
0
0
0
0
0
0
0
0
0
0
0
0
0
0
0
0
0
0
0
0
0
0
0
0
0
0
0
0
0
0
0
0
0
0
0
0
0
0
0
0
0
0
0
0
0
0
0
0
0
0
0
0
0
0
0
0
0
0
0
0
0
0
0
0
0
0
0
0
0
0
0
0
0
0
0
0
0
0
0
0
0
0
0
0
0
