42B73D71
42B747AE
42B751EC
42B75C29
0
0
0
0
42B7E148
42B7EB85
42B7F5C3
42B80000
0
0
0
0
42B8851F
42B88F5C
42B8999A
42B8A3D7
0
0
0
0
42B928F6
42B93333
42B93D71
42B947AE
0
0
0
0
0
0
0
0
0
0
0
0
0
0
0
0
0
0
0
0
0
0
0
0
0
0
0
0
0
0
0
0
0
0
0
0
0
0
0
0
0
0
0
0
0
0
0
0
0
0
0
0
0
0
0
0
0
0
0
0
0
0
0
0
0
0
0
0
0
0
0
0
0
0
0
0
0
0
0
0
0
0
0
0
0
0
0
0
0
0
0
0
0
0
0
0
0
0
0
0
42CBB852
42CBC28F
42CBCCCD
42CBD70A
0
0
0
0
42CC5C29
42CC6666
42CC70A4
42CC7AE1
0
0
0
0
42CD0000
42CD0A3D
42CD147B
42CD1EB8
0
0
0
0
42CDA3D7
42CDAE14
42CDB852
42CDC28F
0
0
0
0
0
0
0
0
0
0
0
0
0
0
0
0
0
0
0
0
0
0
0
0
0
0
0
0
0
0
0
0
0
0
0
0
0
0
0
0
0
0
0
0
0
0
0
0
0
0
0
0
0
0
0
0
0
0
0
0
0
0
0
0
0
0
0
0
0
0
0
0
0
0
0
0
0
0
0
0
0
0
0
0
0
0
0
0
0
0
0
0
0
0
0
0
0
0
0
0
42E03333
42E03D71
42E047AE
42E051EC
0
0
0
0
42E0D70A
42E0E148
42E0EB85
42E0F5C3
0
0
0
0
42E17AE1
42E1851F
42E18F5C
42E1999A
0
0
0
0
42E21EB8
42E228F6
42E23333
42E23D71
0
0
0
0
0
0
0
0
0
0
0
0
0
0
0
0
0
0
0
0
0
0
0
0
0
0
0
0
0
0
0
0
0
0
0
0
0
0
0
0
0
0
0
0
0
0
0
0
0
0
0
0
0
0
0
0
0
0
0
0
0
0
0
0
0
0
0
0
0
0
0
0
0
0
0
0
0
0
0
0
0
0
0
0
0
0
0
0
0
0
0
0
0
0
0
0
0
0
0
0
42F4AE14
42F4B852
42F4C28F
42F4CCCD
0
0
0
0
42F551EC
42F55C29
42F56666
42F570A4
0
0
0
0
42F5F5C3
42F60000
42F60A3D
42F6147B
0
0
0
0
42F6999A
42F6A3D7
42F6AE14
42F6B852
0
0
0
0
0
0
0
0
0
0
0
0
0
0
0
0
0
0
0
0
0
0
0
0
0
0
0
0
0
0
0
0
0
0
0
0
0
0
0
0
0
0
0
0
0
0
0
0
0
0
0
0
0
0
0
0
0
0
0
0
0
0
0
0
0
0
0
0
0
0
0
0
0
0
0
0
0
0
0
0
0
0
0
0
0
0
0
0
0
0
0
0
0
0
0
0
0
0
0
0
4304947B
4304999A
43049EB8
4304A3D7
0
0
0
0
4304E666
4304EB85
4304F0A4
4304F5C3
0
0
0
0
43053852
43053D71
4305428F
430547AE
0
0
0
0
43058A3D
43058F5C
4305947B
4305999A
0
0
0
0
0
0
0
0
0
0
0
0
0
0
0
0
0
0
0
0
0
0
0
0
0
0
0
0
0
0
0
0
0
0
0
0
0
0
0
0
0
0
0
0
0
0
0
0
0
0
0
0
0
0
0
0
0
0
0
0
0
0
0
0
0
0
0
0
0
0
0
0
0
0
0
0
0
0
0
0
0
0
0
0
0
0
0
0
0
0
0
0
0
0
0
0
0
0
0
0
430ED1EC
430ED70A
430EDC29
430EE148
0
0
0
0
430F23D7
430F28F6
430F2E14
430F3333
0
0
0
0
430F75C3
430F7AE1
430F8000
430F851F
0
0
0
0
430FC7AE
430FCCCD
430FD1EC
430FD70A
0
0
0
0
0
0
0
0
0
0
0
0
0
0
0
0
0
0
0
0
0
0
0
0
0
0
0
0
0
0
0
0
0
0
0
0
0
0
0
0
0
0
0
0
0
0
0
0
0
0
0
0
0
0
0
0
0
0
0
0
0
0
0
0
0
0
0
0
0
0
0
0
0
0
0
0
0
0
0
0
0
0
0
0
0
0
0
0
0
0
0
0
0
0
0
0
0
0
0
0
43190F5C
4319147B
4319199A
43191EB8
0
0
0
0
43196148
43196666
43196B85
431970A4
0
0
0
0
4319B333
4319B852
4319BD71
4319C28F
0
0
0
0
431A051F
431A0A3D
431A0F5C
431A147B
0
0
0
0
0
0
0
0
0
0
0
0
0
0
0
0
0
0
0
0
0
0
0
0
0
0
0
0
0
0
0
0
0
0
0
0
0
0
0
0
0
0
0
0
0
0
0
0
0
0
0
0
0
0
0
0
0
0
0
0
0
0
0
0
0
0
0
0
0
0
0
0
0
0
0
0
0
0
0
0
0
0
0
0
0
0
0
0
0
0
0
0
0
0
0
0
0
0
0
0
43234CCD
432351EC
4323570A
43235C29
0
0
0
0
43239EB8
4323A3D7
4323A8F6
4323AE14
0
0
0
0
4323F0A4
4323F5C3
4323FAE1
43240000
0
0
0
0
4324428F
432447AE
43244CCD
432451EC
0
0
0
0
0
0
0
0
0
0
0
0
0
0
0
0
0
0
0
0
0
0
0
0
0
0
0
0
0
0
0
0
0
0
0
0
0
0
0
0
0
0
0
0
0
0
0
0
0
0
0
0
0
0
0
0
0
0
0
0
0
0
0
0
0
0
0
0
0
0
0
0
0
0
0
0
0
0
0
0
0
0
0
0
0
0
0
0
0
0
0
0
0
0
0
0
0
0
0
0
