43981963
439826D2
43983441
439841B1
43984F20
43985C8F
439869FE
4398776E
4398F058
4398FDC6
43990B36
439918A6
43992615
43993384
439940F4
43994E64
3F7B645A
3F7BE76D
3F7C6A7F
3F7CED91
3F7D70A4
3F7DF3B6
3F7E76C9
3F7EF9DB
3F81CAC1
3F820C4A
3F824DD3
3F828F5C
3F82D0E5
3F83126F
3F8353F8
3F839581
0
0
0
0
0
0
0
0
0
0
0
0
0
0
0
0
0
0
0
0
0
0
0
0
0
0
0
0
0
0
0
0
0
0
0
0
0
0
0
0
0
0
0
0
0
0
0
0
0
0
0
0
0
0
0
0
0
0
0
0
0
0
0
0
0
0
0
0
0
0
0
0
0
0
0
0
0
0
0
0
0
0
0
0
0
0
0
0
0
0
0
0
0
0
0
0
449BB9D4
449BCA76
449BDB17
449BEBB8
449BFC5A
449C0CFB
449C1D9C
449C2E3E
449CC3E9
449CD48A
449CE52B
449CF5CD
449D066E
449D170E
449D27B0
449D3851
4000624E
40008312
4000A3D7
4000C49C
4000E560
40010625
400126E9
400147AE
40026E98
40028F5C
4002B021
4002D0E5
4002F1AA
4003126F
40033333
400353F8
0
0
0
0
0
0
0
0
0
0
0
0
0
0
0
0
0
0
0
0
0
0
0
0
0
0
0
0
0
0
0
0
0
0
0
0
0
0
0
0
0
0
0
0
0
0
0
0
0
0
0
0
0
0
0
0
0
0
0
0
0
0
0
0
0
0
0
0
0
0
0
0
0
0
0
0
0
0
0
0
0
0
0
0
0
0
0
0
0
0
0
0
0
0
0
0
4508B6A9
4508C59C
4508D490
4508E383
4508F277
4509016A
4509105D
45091F50
4509A5DE
4509B4D1
4509C3C4
4509D2B8
4509E1AC
4509F09E
4509FF92
450A0E84
4041EB85
40420C4A
40422D0E
40424DD3
40426E98
40428F5C
4042B021
4042D0E5
4043F7CF
40441893
40443958
40445A1D
40447AE1
40449BA6
4044BC6A
4044DD2F
0
0
0
0
0
0
0
0
0
0
0
0
0
0
0
0
0
0
0
0
0
0
0
0
0
0
0
0
0
0
0
0
0
0
0
0
0
0
0
0
0
0
0
0
0
0
0
0
0
0
0
0
0
0
0
0
0
0
0
0
0
0
0
0
0
0
0
0
0
0
0
0
0
0
0
0
0
0
0
0
0
0
0
0
0
0
0
0
0
0
0
0
0
0
0
0
45439067
4543A5FE
4543BB94
4543D12A
4543E6BF
4543FC56
454411EC
45442780
4544E9C6
4544FF5C
454514F3
45452A89
4545401F
454555B6
45456B4A
454580E1
4081BA5E
4081CAC1
4081DB23
4081EB85
4081FBE7
40820C4A
40821CAC
40822D0E
4082C083
4082D0E5
4082E148
4082F1AA
4083020C
4083126F
408322D1
40833333
0
0
0
0
0
0
0
0
0
0
0
0
0
0
0
0
0
0
0
0
0
0
0
0
0
0
0
0
0
0
0
0
0
0
0
0
0
0
0
0
0
0
0
0
0
0
0
0
0
0
0
0
0
0
0
0
0
0
0
0
0
0
0
0
0
0
0
0
0
0
0
0
0
0
0
0
0
0
0
0
0
0
0
0
0
0
0
0
0
0
0
0
0
0
0
0
457E6A26
457E865E
457EA296
457EBED0
457EDB08
457EF740
457F1379
457F2FB2
458016D8
458024F4
45803311
4580412E
45804F4A
45805D66
45806B82
4580799F
40A27EFA
40A28F5C
40A29FBE
40A2B021
40A2C083
40A2D0E5
40A2E148
40A2F1AA
40A3851F
40A39581
40A3A5E3
40A3B646
40A3C6A8
40A3D70A
40A3E76D
40A3F7CF
0
0
0
0
0
0
0
0
0
0
0
0
0
0
0
0
0
0
0
0
0
0
0
0
0
0
0
0
0
0
0
0
0
0
0
0
0
0
0
0
0
0
0
0
0
0
0
0
0
0
0
0
0
0
0
0
0
0
0
0
0
0
0
0
0
0
0
0
0
0
0
0
0
0
0
0
0
0
0
0
0
0
0
0
0
0
0
0
0
0
0
0
0
0
0
0
459CA1F2
459CB360
459CC4CE
459CD63A
459CE7A9
459CF916
459D0A84
459D1BF2
459DB8CC
459DCA3A
459DDBA8
459DED16
459DFE84
459E0FF1
459E2160
459E32CC
40C34396
40C353F8
40C3645A
40C374BC
40C3851F
40C39581
40C3A5E3
40C3B646
40C449BA
40C45A1D
40C46A7F
40C47AE1
40C48B44
40C49BA6
40C4AC08
40C4BC6A
0
0
0
0
0
0
0
0
0
0
0
0
0
0
0
0
0
0
0
0
0
0
0
0
0
0
0
0
0
0
0
0
0
0
0
0
0
0
0
0
0
0
0
0
0
0
0
0
0
0
0
0
0
0
0
0
0
0
0
0
0
0
0
0
0
0
0
0
0
0
0
0
0
0
0
0
0
0
0
0
0
0
0
0
0
0
0
0
0
0
0
0
0
0
0
0
45BA0ED1
45BA2390
45BA384F
45BA4D0F
45BA61CD
45BA768C
45BA8B4B
45BAA00A
45BB5AC2
45BB6F80
45BB8440
45BB98FE
45BBADBE
45BBC27E
45BBD73C
45BBEBFA
40E40831
40E41893
40E428F6
40E43958
40E449BA
40E45A1D
40E46A7F
40E47AE1
40E50E56
40E51EB8
40E52F1B
40E53F7D
40E54FDF
40E56042
40E570A4
40E58106
0
0
0
0
0
0
0
0
0
0
0
0
0
0
0
0
0
0
0
0
0
0
0
0
0
0
0
0
0
0
0
0
0
0
0
0
0
0
0
0
0
0
0
0
0
0
0
0
0
0
0
0
0
0
0
0
0
0
0
0
0
0
0
0
0
0
0
0
0
0
0
0
0
0
0
0
0
0
0
0
0
0
0
0
0
0
0
0
0
0
0
0
0
0
0
0
45D77BB0
45D793C0
45D7ABD1
45D7C3E1
45D7DBF2
45D7F402
45D80C13
45D82422
45D8FCB6
45D914C8
45D92CD8
45D944E8
45D95CF8
45D97508
45D98D18
45D9A529
41026666
41026E98
410276C9
41027EFA
4102872B
41028F5C
4102978D
41029FBE
4102E979
4102F1AA
4102F9DB
4103020C
41030A3D
4103126F
41031AA0
410322D1
0
0
0
0
0
0
0
0
0
0
0
0
0
0
0
0
0
0
0
0
0
0
0
0
0
0
0
0
0
0
0
0
0
0
0
0
0
0
0
0
0
0
0
0
0
0
0
0
0
0
0
0
0
0
0
0
0
0
0
0
0
0
0
0
0
0
0
0
0
0
0
0
0
0
0
0
0
0
0
0
0
0
0
0
0
0
0
0
0
0
0
0
0
0
0
0
