3F6B020C
3F6B851F
3F6C0831
3F6C8B44
3F6D0E56
3F6D9168
3F6E147B
3F6E978D
3F733333
3F73B646
3F743958
3F74BC6A
3F753F7D
3F75C28F
3F7645A2
3F76C8B4
3F7B645A
3F7BE76D
3F7C6A7F
3F7CED91
3F7D70A4
3F7DF3B6
3F7E76C9
3F7EF9DB
3F81CAC1
3F820C4A
3F824DD3
3F828F5C
3F82D0E5
3F83126F
3F8353F8
3F839581
0
0
0
0
0
0
0
0
0
0
0
0
0
0
0
0
0
0
0
0
0
0
0
0
0
0
0
0
0
0
0
0
0
0
0
0
0
0
0
0
0
0
0
0
0
0
0
0
0
0
0
0
0
0
0
0
0
0
0
0
0
0
0
0
0
0
0
0
0
0
0
0
0
0
0
0
0
0
0
0
0
0
0
0
0
0
0
0
0
0
0
0
0
0
0
0
3FF89375
3FF8D4FE
3FF91687
3FF95810
3FF9999A
3FF9DB23
3FFA1CAC
3FFA5E35
3FFCAC08
3FFCED91
3FFD2F1B
3FFD70A4
3FFDB22D
3FFDF3B6
3FFE353F
3FFE76C9
4000624E
40008312
4000A3D7
4000C49C
4000E560
40010625
400126E9
400147AE
40026E98
40028F5C
4002B021
4002D0E5
4002F1AA
4003126F
40033333
400353F8
0
0
0
0
0
0
0
0
0
0
0
0
0
0
0
0
0
0
0
0
0
0
0
0
0
0
0
0
0
0
0
0
0
0
0
0
0
0
0
0
0
0
0
0
0
0
0
0
0
0
0
0
0
0
0
0
0
0
0
0
0
0
0
0
0
0
0
0
0
0
0
0
0
0
0
0
0
0
0
0
0
0
0
0
0
0
0
0
0
0
0
0
0
0
0
0
403DD2F2
403DF3B6
403E147B
403E353F
403E5604
403E76C9
403E978D
403EB852
403FDF3B
40400000
404020C5
40404189
4040624E
40408312
4040A3D7
4040C49C
4041EB85
40420C4A
40422D0E
40424DD3
40426E98
40428F5C
4042B021
4042D0E5
4043F7CF
40441893
40443958
40445A1D
40447AE1
40449BA6
4044BC6A
4044DD2F
0
0
0
0
0
0
0
0
0
0
0
0
0
0
0
0
0
0
0
0
0
0
0
0
0
0
0
0
0
0
0
0
0
0
0
0
0
0
0
0
0
0
0
0
0
0
0
0
0
0
0
0
0
0
0
0
0
0
0
0
0
0
0
0
0
0
0
0
0
0
0
0
0
0
0
0
0
0
0
0
0
0
0
0
0
0
0
0
0
0
0
0
0
0
0
0
407F5C29
407F7CEE
407F9DB2
407FBE77
407FDF3B
40800000
40801062
408020C5
4080B439
4080C49C
4080D4FE
4080E560
4080F5C3
40810625
40811687
408126E9
4081BA5E
4081CAC1
4081DB23
4081EB85
4081FBE7
40820C4A
40821CAC
40822D0E
4082C083
4082D0E5
4082E148
4082F1AA
4083020C
4083126F
408322D1
40833333
0
0
0
0
0
0
0
0
0
0
0
0
0
0
0
0
0
0
0
0
0
0
0
0
0
0
0
0
0
0
0
0
0
0
0
0
0
0
0
0
0
0
0
0
0
0
0
0
0
0
0
0
0
0
0
0
0
0
0
0
0
0
0
0
0
0
0
0
0
0
0
0
0
0
0
0
0
0
0
0
0
0
0
0
0
0
0
0
0
0
0
0
0
0
0
0
40A072B0
40A08312
40A09375
40A0A3D7
40A0B439
40A0C49C
40A0D4FE
40A0E560
40A178D5
40A18937
40A1999A
40A1A9FC
40A1BA5E
40A1CAC1
40A1DB23
40A1EB85
40A27EFA
40A28F5C
40A29FBE
40A2B021
40A2C083
40A2D0E5
40A2E148
40A2F1AA
40A3851F
40A39581
40A3A5E3
40A3B646
40A3C6A8
40A3D70A
40A3E76D
40A3F7CF
0
0
0
0
0
0
0
0
0
0
0
0
0
0
0
0
0
0
0
0
0
0
0
0
0
0
0
0
0
0
0
0
0
0
0
0
0
0
0
0
0
0
0
0
0
0
0
0
0
0
0
0
0
0
0
0
0
0
0
0
0
0
0
0
0
0
0
0
0
0
0
0
0
0
0
0
0
0
0
0
0
0
0
0
0
0
0
0
0
0
0
0
0
0
0
0
40C1374C
40C147AE
40C15810
40C16873
40C178D5
40C18937
40C1999A
40C1A9FC
40C23D71
40C24DD3
40C25E35
40C26E98
40C27EFA
40C28F5C
40C29FBE
40C2B021
40C34396
40C353F8
40C3645A
40C374BC
40C3851F
40C39581
40C3A5E3
40C3B646
40C449BA
40C45A1D
40C46A7F
40C47AE1
40C48B44
40C49BA6
40C4AC08
40C4BC6A
0
0
0
0
0
0
0
0
0
0
0
0
0
0
0
0
0
0
0
0
0
0
0
0
0
0
0
0
0
0
0
0
0
0
0
0
0
0
0
0
0
0
0
0
0
0
0
0
0
0
0
0
0
0
0
0
0
0
0
0
0
0
0
0
0
0
0
0
0
0
0
0
0
0
0
0
0
0
0
0
0
0
0
0
0
0
0
0
0
0
0
0
0
0
0
0
40E1FBE7
40E20C4A
40E21CAC
40E22D0E
40E23D71
40E24DD3
40E25E35
40E26E98
40E3020C
40E3126F
40E322D1
40E33333
40E34396
40E353F8
40E3645A
40E374BC
40E40831
40E41893
40E428F6
40E43958
40E449BA
40E45A1D
40E46A7F
40E47AE1
40E50E56
40E51EB8
40E52F1B
40E53F7D
40E54FDF
40E56042
40E570A4
40E58106
0
0
0
0
0
0
0
0
0
0
0
0
0
0
0
0
0
0
0
0
0
0
0
0
0
0
0
0
0
0
0
0
0
0
0
0
0
0
0
0
0
0
0
0
0
0
0
0
0
0
0
0
0
0
0
0
0
0
0
0
0
0
0
0
0
0
0
0
0
0
0
0
0
0
0
0
0
0
0
0
0
0
0
0
0
0
0
0
0
0
0
0
0
0
0
0
41016042
41016873
410170A4
410178D5
41018106
41018937
41019168
4101999A
4101E354
4101EB85
4101F3B6
4101FBE7
41020419
41020C4A
4102147B
41021CAC
41026666
41026E98
410276C9
41027EFA
4102872B
41028F5C
4102978D
41029FBE
4102E979
4102F1AA
4102F9DB
4103020C
41030A3D
4103126F
41031AA0
410322D1
0
0
0
0
0
0
0
0
0
0
0
0
0
0
0
0
0
0
0
0
0
0
0
0
0
0
0
0
0
0
0
0
0
0
0
0
0
0
0
0
0
0
0
0
0
0
0
0
0
0
0
0
0
0
0
0
0
0
0
0
0
0
0
0
0
0
0
0
0
0
0
0
0
0
0
0
0
0
0
0
0
0
0
0
0
0
0
0
0
0
0
0
0
0
0
0
