42B647AE
42B651EC
42B65C29
42B66666
0
0
0
0
42B6EB85
42B6F5C3
42B70000
42B70A3D
0
0
0
0
42B78F5C
42B7999A
42B7A3D7
42B7AE14
0
0
0
0
42B83333
42B83D71
42B847AE
42B851EC
0
0
0
0
0
0
0
0
0
0
0
0
0
0
0
0
0
0
0
0
0
0
0
0
0
0
0
0
0
0
0
0
0
0
0
0
0
0
0
0
0
0
0
0
0
0
0
0
0
0
0
0
0
0
0
0
0
0
0
0
0
0
0
0
0
0
0
0
0
0
0
0
0
0
0
0
0
0
0
0
0
0
0
0
0
0
0
0
0
0
0
0
0
0
0
0
0
0
0
0
42CAC28F
42CACCCD
42CAD70A
42CAE148
0
0
0
0
42CB6666
42CB70A4
42CB7AE1
42CB851F
0
0
0
0
42CC0A3D
42CC147B
42CC1EB8
42CC28F6
0
0
0
0
42CCAE14
42CCB852
42CCC28F
42CCCCCD
0
0
0
0
0
0
0
0
0
0
0
0
0
0
0
0
0
0
0
0
0
0
0
0
0
0
0
0
0
0
0
0
0
0
0
0
0
0
0
0
0
0
0
0
0
0
0
0
0
0
0
0
0
0
0
0
0
0
0
0
0
0
0
0
0
0
0
0
0
0
0
0
0
0
0
0
0
0
0
0
0
0
0
0
0
0
0
0
0
0
0
0
0
0
0
0
0
0
0
0
42DF3D71
42DF47AE
42DF51EC
42DF5C29
0
0
0
0
42DFE148
42DFEB85
42DFF5C3
42E00000
0
0
0
0
42E0851F
42E08F5C
42E0999A
42E0A3D7
0
0
0
0
42E128F6
42E13333
42E13D71
42E147AE
0
0
0
0
0
0
0
0
0
0
0
0
0
0
0
0
0
0
0
0
0
0
0
0
0
0
0
0
0
0
0
0
0
0
0
0
0
0
0
0
0
0
0
0
0
0
0
0
0
0
0
0
0
0
0
0
0
0
0
0
0
0
0
0
0
0
0
0
0
0
0
0
0
0
0
0
0
0
0
0
0
0
0
0
0
0
0
0
0
0
0
0
0
0
0
0
0
0
0
0
42F3B852
42F3C28F
42F3CCCD
42F3D70A
0
0
0
0
42F45C29
42F46666
42F470A4
42F47AE1
0
0
0
0
42F50000
42F50A3D
42F5147B
42F51EB8
0
0
0
0
42F5A3D7
42F5AE14
42F5B852
42F5C28F
0
0
0
0
0
0
0
0
0
0
0
0
0
0
0
0
0
0
0
0
0
0
0
0
0
0
0
0
0
0
0
0
0
0
0
0
0
0
0
0
0
0
0
0
0
0
0
0
0
0
0
0
0
0
0
0
0
0
0
0
0
0
0
0
0
0
0
0
0
0
0
0
0
0
0
0
0
0
0
0
0
0
0
0
0
0
0
0
0
0
0
0
0
0
0
0
0
0
0
0
4304199A
43041EB8
430423D7
430428F6
0
0
0
0
43046B85
430470A4
430475C3
43047AE1
0
0
0
0
4304BD71
4304C28F
4304C7AE
4304CCCD
0
0
0
0
43050F5C
4305147B
4305199A
43051EB8
0
0
0
0
0
0
0
0
0
0
0
0
0
0
0
0
0
0
0
0
0
0
0
0
0
0
0
0
0
0
0
0
0
0
0
0
0
0
0
0
0
0
0
0
0
0
0
0
0
0
0
0
0
0
0
0
0
0
0
0
0
0
0
0
0
0
0
0
0
0
0
0
0
0
0
0
0
0
0
0
0
0
0
0
0
0
0
0
0
0
0
0
0
0
0
0
0
0
0
0
430E570A
430E5C29
430E6148
430E6666
0
0
0
0
430EA8F6
430EAE14
430EB333
430EB852
0
0
0
0
430EFAE1
430F0000
430F051F
430F0A3D
0
0
0
0
430F4CCD
430F51EC
430F570A
430F5C29
0
0
0
0
0
0
0
0
0
0
0
0
0
0
0
0
0
0
0
0
0
0
0
0
0
0
0
0
0
0
0
0
0
0
0
0
0
0
0
0
0
0
0
0
0
0
0
0
0
0
0
0
0
0
0
0
0
0
0
0
0
0
0
0
0
0
0
0
0
0
0
0
0
0
0
0
0
0
0
0
0
0
0
0
0
0
0
0
0
0
0
0
0
0
0
0
0
0
0
0
4318947B
4318999A
43189EB8
4318A3D7
0
0
0
0
4318E666
4318EB85
4318F0A4
4318F5C3
0
0
0
0
43193852
43193D71
4319428F
431947AE
0
0
0
0
43198A3D
43198F5C
4319947B
4319999A
0
0
0
0
0
0
0
0
0
0
0
0
0
0
0
0
0
0
0
0
0
0
0
0
0
0
0
0
0
0
0
0
0
0
0
0
0
0
0
0
0
0
0
0
0
0
0
0
0
0
0
0
0
0
0
0
0
0
0
0
0
0
0
0
0
0
0
0
0
0
0
0
0
0
0
0
0
0
0
0
0
0
0
0
0
0
0
0
0
0
0
0
0
0
0
0
0
0
0
0
4322D1EC
4322D70A
4322DC29
4322E148
0
0
0
0
432323D7
432328F6
43232E14
43233333
0
0
0
0
432375C3
43237AE1
43238000
4323851F
0
0
0
0
4323C7AE
4323CCCD
4323D1EC
4323D70A
0
0
0
0
0
0
0
0
0
0
0
0
0
0
0
0
0
0
0
0
0
0
0
0
0
0
0
0
0
0
0
0
0
0
0
0
0
0
0
0
0
0
0
0
0
0
0
0
0
0
0
0
0
0
0
0
0
0
0
0
0
0
0
0
0
0
0
0
0
0
0
0
0
0
0
0
0
0
0
0
0
0
0
0
0
0
0
0
0
0
0
0
0
0
0
0
0
0
0
0
