4512F556
4512FBFB
44A9EED7
44294C64
0
0
0
0
45135FA6
4513664A
44AA594C
4429B761
0
0
0
0
44A8FAFA
44A90191
44606B28
43DFA99E
0
0
0
0
44270250
442708E0
43DDE094
435D62E1
0
0
0
0
0
0
0
0
0
0
0
0
0
0
0
0
0
0
0
0
0
0
0
0
0
0
0
0
0
0
0
0
0
0
0
0
0
0
0
0
0
0
0
0
0
0
0
0
0
0
0
0
0
0
0
0
0
0
0
0
0
0
0
0
0
0
0
0
0
0
0
0
0
0
0
0
0
0
0
0
0
0
0
0
0
0
0
0
0
0
0
0
0
0
0
0
0
0
0
0
45B98994
45B9938A
45432149
44C2E2A7
0
0
0
0
45BA28E6
45BA32DC
45439D4A
44C35EED
0
0
0
0
45430AE0
4543129A
4501D845
4481B9BE
0
0
0
0
44C24252
44C24A06
44815D9A
4401606C
0
0
0
0
0
0
0
0
0
0
0
0
0
0
0
0
0
0
0
0
0
0
0
0
0
0
0
0
0
0
0
0
0
0
0
0
0
0
0
0
0
0
0
0
0
0
0
0
0
0
0
0
0
0
0
0
0
0
0
0
0
0
0
0
0
0
0
0
0
0
0
0
0
0
0
0
0
0
0
0
0
0
0
0
0
0
0
0
0
0
0
0
0
0
0
0
0
0
0
0
4614CC3E
4614D48A
4598A593
45188F8E
0
0
0
0
461550FE
46155949
459906F7
4518F114
0
0
0
0
4598CC23
4598D236
454B95C0
44CB8916
0
0
0
0
451881BF
451887CF
44CB4310
444B681E
0
0
0
0
0
0
0
0
0
0
0
0
0
0
0
0
0
0
0
0
0
0
0
0
0
0
0
0
0
0
0
0
0
0
0
0
0
0
0
0
0
0
0
0
0
0
0
0
0
0
0
0
0
0
0
0
0
0
0
0
0
0
0
0
0
0
0
0
0
0
0
0
0
0
0
0
0
0
0
0
0
0
0
0
0
0
0
0
0
0
0
0
0
0
0
0
0
0
0
0
464CD3B2
464CDF50
45CFBA81
454FADC8
0
0
0
0
464D8D88
464D9925
45D03F49
455032B3
0
0
0
0
45D012D6
45D01B1E
458AA99E
450AAC36
0
0
0
0
454FE254
454FEA9A
450A9442
448AB7E9
0
0
0
0
0
0
0
0
0
0
0
0
0
0
0
0
0
0
0
0
0
0
0
0
0
0
0
0
0
0
0
0
0
0
0
0
0
0
0
0
0
0
0
0
0
0
0
0
0
0
0
0
0
0
0
0
0
0
0
0
0
0
0
0
0
0
0
0
0
0
0
0
0
0
0
0
0
0
0
0
0
0
0
0
0
0
0
0
0
0
0
0
0
0
0
0
0
0
0
0
46826D94
4682750B
460367B7
45836602
0
0
0
0
4682E508
4682EC80
4603BBCE
4583BA29
0
0
0
0
4603ACC4
4603B204
45AF885C
452F93E2
0
0
0
0
4583A175
4583A6B4
452F86FD
44AFBBC3
0
0
0
0
0
0
0
0
0
0
0
0
0
0
0
0
0
0
0
0
0
0
0
0
0
0
0
0
0
0
0
0
0
0
0
0
0
0
0
0
0
0
0
0
0
0
0
0
0
0
0
0
0
0
0
0
0
0
0
0
0
0
0
0
0
0
0
0
0
0
0
0
0
0
0
0
0
0
0
0
0
0
0
0
0
0
0
0
0
0
0
0
0
0
0
0
0
0
0
0
469E714E
469E7A6E
461EF22F
459EF51F
0
0
0
0
469F034E
469F0C6E
461F57F6
459F5AF7
0
0
0
0
461F501C
461F5678
45D46718
45547B8C
0
0
0
0
459F51C0
459F5819
455479B8
44D4BF9C
0
0
0
0
0
0
0
0
0
0
0
0
0
0
0
0
0
0
0
0
0
0
0
0
0
0
0
0
0
0
0
0
0
0
0
0
0
0
0
0
0
0
0
0
0
0
0
0
0
0
0
0
0
0
0
0
0
0
0
0
0
0
0
0
0
0
0
0
0
0
0
0
0
0
0
0
0
0
0
0
0
0
0
0
0
0
0
0
0
0
0
0
0
0
0
0
0
0
0
0
46BA7508
46BA7FD0
463A7CA6
45BA843C
0
0
0
0
46BB2193
46BB2C5B
463AF41F
45BAFBC7
0
0
0
0
463AF376
463AFAEC
45F945D7
45796338
0
0
0
0
45BB020A
45BB097F
45796C72
44F9C377
0
0
0
0
0
0
0
0
0
0
0
0
0
0
0
0
0
0
0
0
0
0
0
0
0
0
0
0
0
0
0
0
0
0
0
0
0
0
0
0
0
0
0
0
0
0
0
0
0
0
0
0
0
0
0
0
0
0
0
0
0
0
0
0
0
0
0
0
0
0
0
0
0
0
0
0
0
0
0
0
0
0
0
0
0
0
0
0
0
0
0
0
0
0
0
0
0
0
0
0
46D678C2
46D68533
4656071D
45D61359
0
0
0
0
46D73FD8
46D74C48
46569048
45D69C96
0
0
0
0
465696D0
46569F61
460F124A
458F2572
0
0
0
0
45D6B254
45D6BAE5
458F2F96
450F63A8
0
0
0
0
0
0
0
0
0
0
0
0
0
0
0
0
0
0
0
0
0
0
0
0
0
0
0
0
0
0
0
0
0
0
0
0
0
0
0
0
0
0
0
0
0
0
0
0
0
0
0
0
0
0
0
0
0
0
0
0
0
0
0
0
0
0
0
0
0
0
0
0
0
0
0
0
0
0
0
0
0
0
0
0
0
0
0
0
0
0
0
0
0
0
0
0
0
0
0
0
