439869FE
4398776E
3F6F1AA0
3F6F9DB2
0
0
0
0
439940F4
43994E64
3F774BC7
3F77CED9
0
0
0
0
3F7E76C9
3F7EF9DB
3F7F7CEE
3F800000
0
0
0
0
3F8353F8
3F839581
3F83D70A
3F841893
0
0
0
0
0
0
0
0
0
0
0
0
0
0
0
0
0
0
0
0
0
0
0
0
0
0
0
0
0
0
0
0
0
0
0
0
0
0
0
0
0
0
0
0
0
0
0
0
0
0
0
0
0
0
0
0
0
0
0
0
0
0
0
0
0
0
0
0
0
0
0
0
0
0
0
0
0
0
0
0
0
0
0
0
0
0
0
0
0
0
0
0
0
0
0
0
0
0
0
0
449C1D9C
449C2E3E
3FFA9FBE
3FFAE148
0
0
0
0
449D27B0
449D3851
3FFEB852
3FFEF9DB
0
0
0
0
400126E9
400147AE
40016873
40018937
0
0
0
0
40033333
400353F8
400374BC
40039581
0
0
0
0
0
0
0
0
0
0
0
0
0
0
0
0
0
0
0
0
0
0
0
0
0
0
0
0
0
0
0
0
0
0
0
0
0
0
0
0
0
0
0
0
0
0
0
0
0
0
0
0
0
0
0
0
0
0
0
0
0
0
0
0
0
0
0
0
0
0
0
0
0
0
0
0
0
0
0
0
0
0
0
0
0
0
0
0
0
0
0
0
0
0
0
0
0
0
0
0
4509105D
45091F50
403ED917
403EF9DB
0
0
0
0
4509FF92
450A0E84
4040E560
40410625
0
0
0
0
4042B021
4042D0E5
4042F1AA
4043126F
0
0
0
0
4044BC6A
4044DD2F
4044FDF4
40451EB8
0
0
0
0
0
0
0
0
0
0
0
0
0
0
0
0
0
0
0
0
0
0
0
0
0
0
0
0
0
0
0
0
0
0
0
0
0
0
0
0
0
0
0
0
0
0
0
0
0
0
0
0
0
0
0
0
0
0
0
0
0
0
0
0
0
0
0
0
0
0
0
0
0
0
0
0
0
0
0
0
0
0
0
0
0
0
0
0
0
0
0
0
0
0
0
0
0
0
0
0
454411EC
45442780
40803127
40804189
0
0
0
0
45456B4A
454580E1
4081374C
408147AE
0
0
0
0
40821CAC
40822D0E
40823D71
40824DD3
0
0
0
0
408322D1
40833333
40834396
408353F8
0
0
0
0
0
0
0
0
0
0
0
0
0
0
0
0
0
0
0
0
0
0
0
0
0
0
0
0
0
0
0
0
0
0
0
0
0
0
0
0
0
0
0
0
0
0
0
0
0
0
0
0
0
0
0
0
0
0
0
0
0
0
0
0
0
0
0
0
0
0
0
0
0
0
0
0
0
0
0
0
0
0
0
0
0
0
0
0
0
0
0
0
0
0
0
0
0
0
0
0
457F1379
457F2FB2
40A0F5C3
40A10625
0
0
0
0
45806B82
4580799F
40A1FBE7
40A20C4A
0
0
0
0
40A2E148
40A2F1AA
40A3020C
40A3126F
0
0
0
0
40A3E76D
40A3F7CF
40A40831
40A41893
0
0
0
0
0
0
0
0
0
0
0
0
0
0
0
0
0
0
0
0
0
0
0
0
0
0
0
0
0
0
0
0
0
0
0
0
0
0
0
0
0
0
0
0
0
0
0
0
0
0
0
0
0
0
0
0
0
0
0
0
0
0
0
0
0
0
0
0
0
0
0
0
0
0
0
0
0
0
0
0
0
0
0
0
0
0
0
0
0
0
0
0
0
0
0
0
0
0
0
0
459D0A84
459D1BF2
40C1BA5E
40C1CAC1
0
0
0
0
459E2160
459E32CC
40C2C083
40C2D0E5
0
0
0
0
40C3A5E3
40C3B646
40C3C6A8
40C3D70A
0
0
0
0
40C4AC08
40C4BC6A
40C4CCCD
40C4DD2F
0
0
0
0
0
0
0
0
0
0
0
0
0
0
0
0
0
0
0
0
0
0
0
0
0
0
0
0
0
0
0
0
0
0
0
0
0
0
0
0
0
0
0
0
0
0
0
0
0
0
0
0
0
0
0
0
0
0
0
0
0
0
0
0
0
0
0
0
0
0
0
0
0
0
0
0
0
0
0
0
0
0
0
0
0
0
0
0
0
0
0
0
0
0
0
0
0
0
0
0
45BA8B4B
45BAA00A
40E27EFA
40E28F5C
0
0
0
0
45BBD73C
45BBEBFA
40E3851F
40E39581
0
0
0
0
40E46A7F
40E47AE1
40E48B44
40E49BA6
0
0
0
0
40E570A4
40E58106
40E59168
40E5A1CB
0
0
0
0
0
0
0
0
0
0
0
0
0
0
0
0
0
0
0
0
0
0
0
0
0
0
0
0
0
0
0
0
0
0
0
0
0
0
0
0
0
0
0
0
0
0
0
0
0
0
0
0
0
0
0
0
0
0
0
0
0
0
0
0
0
0
0
0
0
0
0
0
0
0
0
0
0
0
0
0
0
0
0
0
0
0
0
0
0
0
0
0
0
0
0
0
0
0
0
0
45D80C13
45D82422
4101A1CB
4101A9FC
0
0
0
0
45D98D18
45D9A529
410224DD
41022D0E
0
0
0
0
4102978D
41029FBE
4102A7F0
4102B021
0
0
0
0
41031AA0
410322D1
41032B02
41033333
0
0
0
0
0
0
0
0
0
0
0
0
0
0
0
0
0
0
0
0
0
0
0
0
0
0
0
0
0
0
0
0
0
0
0
0
0
0
0
0
0
0
0
0
0
0
0
0
0
0
0
0
0
0
0
0
0
0
0
0
0
0
0
0
0
0
0
0
0
0
0
0
0
0
0
0
0
0
0
0
0
0
0
0
0
0
0
0
0
0
0
0
0
0
0
0
0
0
0
0
