4540D4F4
4540E5DD
44FEDF4F
447D5254
0
0
0
0
4541E37E
4541F468
45002343
447EBEE0
0
0
0
0
44FB410D
44FB56E3
44A62526
44258EF4
0
0
0
0
4474D39C
4474E92A
44224AE8
43A30553
0
0
0
0
0
0
0
0
0
0
0
0
0
0
0
0
0
0
0
0
0
0
0
0
0
0
0
0
0
0
0
0
0
0
0
0
0
0
0
0
0
0
0
0
0
0
0
0
0
0
0
0
0
0
0
0
0
0
0
0
0
0
0
0
0
0
0
0
0
0
0
0
0
0
0
0
0
0
0
0
0
0
0
0
0
0
0
0
0
0
0
0
0
0
0
0
0
0
0
0
464504E7
464519B8
46032F44
45832C22
0
0
0
0
464651F7
464666C7
46040D1E
45840AA6
0
0
0
0
4603B451
4603C21B
45AF75A0
452FA95F
0
0
0
0
45836812
458375D3
452F46F4
44B020C4
0
0
0
0
0
0
0
0
0
0
0
0
0
0
0
0
0
0
0
0
0
0
0
0
0
0
0
0
0
0
0
0
0
0
0
0
0
0
0
0
0
0
0
0
0
0
0
0
0
0
0
0
0
0
0
0
0
0
0
0
0
0
0
0
0
0
0
0
0
0
0
0
0
0
0
0
0
0
0
0
0
0
0
0
0
0
0
0
0
0
0
0
0
0
0
0
0
0
0
0
46ACEA4A
46ACFCFD
4666829E
45E6ADFA
0
0
0
0
46AE1587
46AE283B
4668116A
45E83D71
0
0
0
0
46680081
4668195B
461AB0FC
459AF780
0
0
0
0
45E835B1
45E84E81
459AFD96
451BC01A
0
0
0
0
0
0
0
0
0
0
0
0
0
0
0
0
0
0
0
0
0
0
0
0
0
0
0
0
0
0
0
0
0
0
0
0
0
0
0
0
0
0
0
0
0
0
0
0
0
0
0
0
0
0
0
0
0
0
0
0
0
0
0
0
0
0
0
0
0
0
0
0
0
0
0
0
0
0
0
0
0
0
0
0
0
0
0
0
0
0
0
0
0
0
0
0
0
0
0
0
46F7521E
46F76D1E
46A4EAFD
462517E9
0
0
0
0
46F90211
46F91D11
46A60ADC
4626381E
0
0
0
0
46A62658
46A6384C
465DA727
45DE1A50
0
0
0
0
462681A8
46269398
45DE57B3
455F6FD2
0
0
0
0
0
0
0
0
0
0
0
0
0
0
0
0
0
0
0
0
0
0
0
0
0
0
0
0
0
0
0
0
0
0
0
0
0
0
0
0
0
0
0
0
0
0
0
0
0
0
0
0
0
0
0
0
0
0
0
0
0
0
0
0
0
0
0
0
0
0
0
0
0
0
0
0
0
0
0
0
0
0
0
0
0
0
0
0
0
0
0
0
0
0
0
0
0
0
0
0
4720DCFA
4720EE9F
46D694A9
4656D8D5
0
0
0
0
4721F74F
472208F4
46D80D02
46585183
0
0
0
0
46D84C70
46D863EC
46904EAA
46109E91
0
0
0
0
4658E876
4658FFEE
4610D8E8
45918FC5
0
0
0
0
0
0
0
0
0
0
0
0
0
0
0
0
0
0
0
0
0
0
0
0
0
0
0
0
0
0
0
0
0
0
0
0
0
0
0
0
0
0
0
0
0
0
0
0
0
0
0
0
0
0
0
0
0
0
0
0
0
0
0
0
0
0
0
0
0
0
0
0
0
0
0
0
0
0
0
0
0
0
0
0
0
0
0
0
0
0
0
0
0
0
0
0
0
0
0
0
474610E6
474626AF
47041F2C
46844CE0
0
0
0
0
47476D94
4747835F
47050794
46853574
0
0
0
0
47053945
470547C5
46B1C9BE
46322FFA
0
0
0
0
4685A7A3
4685B622
463285F6
45B367A1
0
0
0
0
0
0
0
0
0
0
0
0
0
0
0
0
0
0
0
0
0
0
0
0
0
0
0
0
0
0
0
0
0
0
0
0
0
0
0
0
0
0
0
0
0
0
0
0
0
0
0
0
0
0
0
0
0
0
0
0
0
0
0
0
0
0
0
0
0
0
0
0
0
0
0
0
0
0
0
0
0
0
0
0
0
0
0
0
0
0
0
0
0
0
0
0
0
0
0
0
476B44CF
476B5EC1
471CF402
469D2D56
0
0
0
0
476CE3DA
476CFDCA
471E08A7
469E4226
0
0
0
0
471E4C50
471E5D95
46D344D4
4653C162
0
0
0
0
469EDB0A
469EEC4E
46543305
45D53F7D
0
0
0
0
0
0
0
0
0
0
0
0
0
0
0
0
0
0
0
0
0
0
0
0
0
0
0
0
0
0
0
0
0
0
0
0
0
0
0
0
0
0
0
0
0
0
0
0
0
0
0
0
0
0
0
0
0
0
0
0
0
0
0
0
0
0
0
0
0
0
0
0
0
0
0
0
0
0
0
0
0
0
0
0
0
0
0
0
0
0
0
0
0
0
0
0
0
0
0
0
47883C5D
47884B68
4735C8D8
46B60DCC
0
0
0
0
47892D0F
47893C1B
473709BA
46B74EDA
0
0
0
0
47375F5C
47377364
46F4BFEA
467552CA
0
0
0
0
46B80E72
46B8227A
4675E013
45F71758
0
0
0
0
0
0
0
0
0
0
0
0
0
0
0
0
0
0
0
0
0
0
0
0
0
0
0
0
0
0
0
0
0
0
0
0
0
0
0
0
0
0
0
0
0
0
0
0
0
0
0
0
0
0
0
0
0
0
0
0
0
0
0
0
0
0
0
0
0
0
0
0
0
0
0
0
0
0
0
0
0
0
0
0
0
0
0
0
0
0
0
0
0
0
0
0
0
0
0
0
