410FAE14
41100000
411051EC
4110A3D7
4110F5C3
411147AE
4111999A
4111EB85
4114CCCD
41151EB8
411570A4
4115C28F
4116147B
41166666
4116B852
41170A3D
4119EB85
411A3D71
411A8F5C
411AE148
411B3333
411B851F
411BD70A
411C28F6
411F0A3D
411F5C29
411FAE14
41200000
412051EC
4120A3D7
4120F5C3
412147AE
0
0
0
0
0
0
0
0
0
0
0
0
0
0
0
0
0
0
0
0
0
0
0
0
0
0
0
0
0
0
0
0
0
0
0
0
0
0
0
0
0
0
0
0
0
0
0
0
0
0
0
0
0
0
0
0
0
0
0
0
0
0
0
0
0
0
0
0
0
0
0
0
0
0
0
0
0
0
0
0
0
0
0
0
0
0
0
0
0
0
0
0
0
0
0
0
4199C28F
4199EB85
419A147B
419A3D71
419A6666
419A8F5C
419AB852
419AE148
419C51EC
419C7AE1
419CA3D7
419CCCCD
419CF5C3
419D1EB8
419D47AE
419D70A4
419EE148
419F0A3D
419F3333
419F5C29
419F851F
419FAE14
419FD70A
41A00000
41A170A4
41A1999A
41A1C28F
41A1EB85
41A2147B
41A23D71
41A26666
41A28F5C
0
0
0
0
0
0
0
0
0
0
0
0
0
0
0
0
0
0
0
0
0
0
0
0
0
0
0
0
0
0
0
0
0
0
0
0
0
0
0
0
0
0
0
0
0
0
0
0
0
0
0
0
0
0
0
0
0
0
0
0
0
0
0
0
0
0
0
0
0
0
0
0
0
0
0
0
0
0
0
0
0
0
0
0
0
0
0
0
0
0
0
0
0
0
0
0
41EBAE14
41EBD70A
41EC0000
41EC28F6
41EC51EC
41EC7AE1
41ECA3D7
41ECCCCD
41EE3D71
41EE6666
41EE8F5C
41EEB852
41EEE148
41EF0A3D
41EF3333
41EF5C29
41F0CCCD
41F0F5C3
41F11EB8
41F147AE
41F170A4
41F1999A
41F1C28F
41F1EB85
41F35C29
41F3851F
41F3AE14
41F3D70A
41F40000
41F428F6
41F451EC
41F47AE1
0
0
0
0
0
0
0
0
0
0
0
0
0
0
0
0
0
0
0
0
0
0
0
0
0
0
0
0
0
0
0
0
0
0
0
0
0
0
0
0
0
0
0
0
0
0
0
0
0
0
0
0
0
0
0
0
0
0
0
0
0
0
0
0
0
0
0
0
0
0
0
0
0
0
0
0
0
0
0
0
0
0
0
0
0
0
0
0
0
0
0
0
0
0
0
0
421ECCCD
421EE148
421EF5C3
421F0A3D
421F1EB8
421F3333
421F47AE
421F5C29
4220147B
422028F6
42203D71
422051EC
42206666
42207AE1
42208F5C
4220A3D7
42215C29
422170A4
4221851F
4221999A
4221AE14
4221C28F
4221D70A
4221EB85
4222A3D7
4222B852
4222CCCD
4222E148
4222F5C3
42230A3D
42231EB8
42233333
0
0
0
0
0
0
0
0
0
0
0
0
0
0
0
0
0
0
0
0
0
0
0
0
0
0
0
0
0
0
0
0
0
0
0
0
0
0
0
0
0
0
0
0
0
0
0
0
0
0
0
0
0
0
0
0
0
0
0
0
0
0
0
0
0
0
0
0
0
0
0
0
0
0
0
0
0
0
0
0
0
0
0
0
0
0
0
0
0
0
0
0
0
0
0
0
4247C28F
4247D70A
4247EB85
42480000
4248147B
424828F6
42483D71
424851EC
42490A3D
42491EB8
42493333
424947AE
42495C29
424970A4
4249851F
4249999A
424A51EC
424A6666
424A7AE1
424A8F5C
424AA3D7
424AB852
424ACCCD
424AE148
424B999A
424BAE14
424BC28F
424BD70A
424BEB85
424C0000
424C147B
424C28F6
0
0
0
0
0
0
0
0
0
0
0
0
0
0
0
0
0
0
0
0
0
0
0
0
0
0
0
0
0
0
0
0
0
0
0
0
0
0
0
0
0
0
0
0
0
0
0
0
0
0
0
0
0
0
0
0
0
0
0
0
0
0
0
0
0
0
0
0
0
0
0
0
0
0
0
0
0
0
0
0
0
0
0
0
0
0
0
0
0
0
0
0
0
0
0
0
4270B852
4270CCCD
4270E148
4270F5C3
42710A3D
42711EB8
42713333
427147AE
42720000
4272147B
427228F6
42723D71
427251EC
42726666
42727AE1
42728F5C
427347AE
42735C29
427370A4
4273851F
4273999A
4273AE14
4273C28F
4273D70A
42748F5C
4274A3D7
4274B852
4274CCCD
4274E148
4274F5C3
42750A3D
42751EB8
0
0
0
0
0
0
0
0
0
0
0
0
0
0
0
0
0
0
0
0
0
0
0
0
0
0
0
0
0
0
0
0
0
0
0
0
0
0
0
0
0
0
0
0
0
0
0
0
0
0
0
0
0
0
0
0
0
0
0
0
0
0
0
0
0
0
0
0
0
0
0
0
0
0
0
0
0
0
0
0
0
0
0
0
0
0
0
0
0
0
0
0
0
0
0
0
428CD70A
428CE148
428CEB85
428CF5C3
428D0000
428D0A3D
428D147B
428D1EB8
428D7AE1
428D851F
428D8F5C
428D999A
428DA3D7
428DAE14
428DB852
428DC28F
428E1EB8
428E28F6
428E3333
428E3D71
428E47AE
428E51EC
428E5C29
428E6666
428EC28F
428ECCCD
428ED70A
428EE148
428EEB85
428EF5C3
428F0000
428F0A3D
0
0
0
0
0
0
0
0
0
0
0
0
0
0
0
0
0
0
0
0
0
0
0
0
0
0
0
0
0
0
0
0
0
0
0
0
0
0
0
0
0
0
0
0
0
0
0
0
0
0
0
0
0
0
0
0
0
0
0
0
0
0
0
0
0
0
0
0
0
0
0
0
0
0
0
0
0
0
0
0
0
0
0
0
0
0
0
0
0
0
0
0
0
0
0
0
42A151EC
42A15C29
42A16666
42A170A4
42A17AE1
42A1851F
42A18F5C
42A1999A
42A1F5C3
42A20000
42A20A3D
42A2147B
42A21EB8
42A228F6
42A23333
42A23D71
42A2999A
42A2A3D7
42A2AE14
42A2B852
42A2C28F
42A2CCCD
42A2D70A
42A2E148
42A33D71
42A347AE
42A351EC
42A35C29
42A36666
42A370A4
42A37AE1
42A3851F
0
0
0
0
0
0
0
0
0
0
0
0
0
0
0
0
0
0
0
0
0
0
0
0
0
0
0
0
0
0
0
0
0
0
0
0
0
0
0
0
0
0
0
0
0
0
0
0
0
0
0
0
0
0
0
0
0
0
0
0
0
0
0
0
0
0
0
0
0
0
0
0
0
0
0
0
0
0
0
0
0
0
0
0
0
0
0
0
0
0
0
0
0
0
0
0
