45F51F53
45F53AB4
45F55616
45F57178
45F58CDA
45F5A83C
45A3D57A
45241626
0
0
45F6D56E
45F6F0D0
45F70C31
45F72795
45F742F6
45F75E56
45A4F982
45253A51
0
0
45A503B9
45A515F6
45A52833
45A53A6E
45A54CAC
45A55EE8
455CA42C
44DD2BDB
0
0
4525AA34
4525BC6E
4525CEA9
4525E0E4
4525F31F
4526055A
44DDB360
445ECF17
0
0
0
0
0
0
0
0
0
0
0
0
0
0
0
0
0
0
0
0
0
0
0
0
0
0
0
0
0
0
0
0
0
0
0
0
0
0
0
0
0
0
0
0
0
0
0
0
0
0
0
0
0
0
0
0
0
0
0
0
0
0
0
0
0
0
0
0
0
0
0
0
0
0
0
0
0
0
0
0
0
0
0
0
0
0
0
0
0
0
0
0
0
0
0
0
0
0
0
0
0
0
0
0
0
0
0
0
0
0
0
0
0
0
0
0
0
0
0
0
0
0
4609496A
460958C4
4609681E
46097777
460986D0
4609962A
45B786B6
4537D0AE
0
0
460A3F02
460A4E5D
460A5DB6
460A6D10
460A7C69
460A8BC2
45B8CE21
4539183D
0
0
45B8DDE0
45B8F253
45B906C6
45B91B39
45B92FAC
45B9441F
4577320E
44F7CB9A
0
0
45399E3F
4539B2AF
4539C720
4539DB92
4539F003
453A0473
44F8693C
4479A732
0
0
0
0
0
0
0
0
0
0
0
0
0
0
0
0
0
0
0
0
0
0
0
0
0
0
0
0
0
0
0
0
0
0
0
0
0
0
0
0
0
0
0
0
0
0
0
0
0
0
0
0
0
0
0
0
0
0
0
0
0
0
0
0
0
0
0
0
0
0
0
0
0
0
0
0
0
0
0
0
0
0
0
0
0
0
0
0
0
0
0
0
0
0
0
0
0
0
0
0
0
0
0
0
0
0
0
0
0
0
0
0
0
0
0
0
0
0
0
0
0
0
4618032B
4618142E
46182530
46183632
46184734
46185837
45CB37F2
454B8B36
0
0
4619134F
46192451
46193554
46194655
46195758
4619685A
45CCA2C0
454CF628
0
0
45CCB807
45CCCEB0
45CCE55A
45CCFC04
45CD12AB
45CD2954
4588DFF8
450935AC
0
0
454D9249
454DA8EF
454DBF97
454DD63E
454DECE5
454E038C
45098F8C
448A3FA6
0
0
0
0
0
0
0
0
0
0
0
0
0
0
0
0
0
0
0
0
0
0
0
0
0
0
0
0
0
0
0
0
0
0
0
0
0
0
0
0
0
0
0
0
0
0
0
0
0
0
0
0
0
0
0
0
0
0
0
0
0
0
0
0
0
0
0
0
0
0
0
0
0
0
0
0
0
0
0
0
0
0
0
0
0
0
0
0
0
0
0
0
0
0
0
0
0
0
0
0
0
0
0
0
0
0
0
0
0
0
0
0
0
0
0
0
0
0
0
0
0
0
4626BCEC
4626CF97
4626E242
4626F4ED
46270798
46271A43
45DEE92D
455F45BF
0
0
4627E79A
4627FA46
46280CF0
46281F9B
46283246
462844F1
45E07761
4560D414
0
0
45E0922E
45E0AB0E
45E0C3ED
45E0DCCD
45E0F5AC
45E10E8C
459626E9
4516858B
0
0
45618652
45619F30
4561B80E
4561D0EB
4561E9C8
456202A6
4516EA7B
4497ABB4
0
0
0
0
0
0
0
0
0
0
0
0
0
0
0
0
0
0
0
0
0
0
0
0
0
0
0
0
0
0
0
0
0
0
0
0
0
0
0
0
0
0
0
0
0
0
0
0
0
0
0
0
0
0
0
0
0
0
0
0
0
0
0
0
0
0
0
0
0
0
0
0
0
0
0
0
0
0
0
0
0
0
0
0
0
0
0
0
0
0
0
0
0
0
0
0
0
0
0
0
0
0
0
0
0
0
0
0
0
0
0
0
0
0
0
0
0
0
0
0
0
0
463576AD
46358B00
46359F55
4635B3A8
4635C7FA
4635DC50
45F29A68
45730048
0
0
4636BBE6
4636D03A
4636E48D
4636F8E2
46370D34
46372188
45F44C01
4574B200
0
0
45F46C56
45F4876C
45F4A281
45F4BD96
45F4D8AC
45F4F3C2
45A36DDB
4523D56B
0
0
45757A5C
45759571
4575B085
4575CB98
4575E6AA
457601C0
4524456A
44A517C2
0
0
0
0
0
0
0
0
0
0
0
0
0
0
0
0
0
0
0
0
0
0
0
0
0
0
0
0
0
0
0
0
0
0
0
0
0
0
0
0
0
0
0
0
0
0
0
0
0
0
0
0
0
0
0
0
0
0
0
0
0
0
0
0
0
0
0
0
0
0
0
0
0
0
0
0
0
0
0
0
0
0
0
0
0
0
0
0
0
0
0
0
0
0
0
0
0
0
0
0
0
0
0
0
0
0
0
0
0
0
0
0
0
0
0
0
0
0
0
0
0
0
4644306D
4644466B
46445C68
46447263
4644885E
46449E5B
460325D3
45835D68
0
0
46459032
4645A62E
4645BC2B
4645D226
4645E822
4645FE1F
46041050
458447F6
0
0
4604233F
460431E4
4604408A
46044F30
46045DD6
46046C7C
45B0B4CC
4531254A
0
0
4584B734
4584C5D9
4584D47E
4584E323
4584F1C7
4585006C
4531A058
44B283D0
0
0
0
0
0
0
0
0
0
0
0
0
0
0
0
0
0
0
0
0
0
0
0
0
0
0
0
0
0
0
0
0
0
0
0
0
0
0
0
0
0
0
0
0
0
0
0
0
0
0
0
0
0
0
0
0
0
0
0
0
0
0
0
0
0
0
0
0
0
0
0
0
0
0
0
0
0
0
0
0
0
0
0
0
0
0
0
0
0
0
0
0
0
0
0
0
0
0
0
0
0
0
0
0
0
0
0
0
0
0
0
0
0
0
0
0
0
0
0
0
0
0
4652EA30
465301D3
46531978
4653311D
465348C3
46536067
460CFE70
458D3AAC
0
0
4654647D
46547C24
465493C9
4654AB6C
4654C312
4654DAB7
460DFAA0
458E36EC
0
0
460E1052
460E2013
460E2FD4
460E3F95
460E4F56
460E5F17
45BDFBBD
453E7529
0
0
458EB138
458EC0F8
458ED0B8
458EE078
458EF039
458EFFF9
453EFB46
44BFEFDD
0
0
0
0
0
0
0
0
0
0
0
0
0
0
0
0
0
0
0
0
0
0
0
0
0
0
0
0
0
0
0
0
0
0
0
0
0
0
0
0
0
0
0
0
0
0
0
0
0
0
0
0
0
0
0
0
0
0
0
0
0
0
0
0
0
0
0
0
0
0
0
0
0
0
0
0
0
0
0
0
0
0
0
0
0
0
0
0
0
0
0
0
0
0
0
0
0
0
0
0
0
0
0
0
0
0
0
0
0
0
0
0
0
0
0
0
0
0
0
0
0
0
4661A3F0
4661BD3C
4661D68C
4661EFD8
46620926
46622274
4616D70E
459717F0
0
0
466338C8
46635217
46636B64
466384B2
46639DFF
4663B74C
4617E4EF
459825E2
0
0
4617FD66
46180E41
46181F1E
46182FFA
461840D6
461851B2
45CB42AF
454BC508
0
0
4598AB3D
4598BC19
4598CCF4
4598DDD0
4598EEAA
4598FF86
454C5634
44CD5BEA
0
0
0
0
0
0
0
0
0
0
0
0
0
0
0
0
0
0
0
0
0
0
0
0
0
0
0
0
0
0
0
0
0
0
0
0
0
0
0
0
0
0
0
0
0
0
0
0
0
0
0
0
0
0
0
0
0
0
0
0
0
0
0
0
0
0
0
0
0
0
0
0
0
0
0
0
0
0
0
0
0
0
0
0
0
0
0
0
0
0
0
0
0
0
0
0
0
0
0
0
0
0
0
0
0
0
0
0
0
0
0
0
0
0
0
0
0
0
0
0
0
0
