46F227E0
46F235FA
46F24415
46F2522E
46F26049
46F26E63
45F58CDA
45F5A83C
46F30980
46F3179A
46F325B5
46F333CE
46F341E8
46F35002
45F742F6
45F75E56
46720021
467209CD
46721378
46721D25
467226D2
4672307E
4112F9DB
4113020C
45F2289E
45F23248
45F23BF4
45F2459E
45F24F4A
45F258F4
41137CEE
4113851F
0
0
0
0
0
0
0
0
0
0
0
0
0
0
0
0
0
0
0
0
0
0
0
0
0
0
0
0
0
0
0
0
0
0
0
0
0
0
0
0
0
0
0
0
0
0
0
0
0
0
0
0
0
0
0
0
0
0
0
0
0
0
0
0
0
0
0
0
0
0
0
0
0
0
0
0
0
0
0
0
0
0
0
0
0
0
0
0
0
0
0
0
0
0
0
0
470710D4
470718B4
47072096
47072878
47073059
4707383A
460986D0
4609962A
47078EE9
470796CA
47079EAB
4707A68C
4707AE6E
4707B650
460A7C69
460A8BC2
4686CE6C
4686D3D0
4686D934
4686DE96
4686E3FA
4686E95E
41235C29
4123645A
4606E923
4606EE86
4606F3EA
4606F94C
4606FEAF
46070412
4123DF3B
4123E76D
0
0
0
0
0
0
0
0
0
0
0
0
0
0
0
0
0
0
0
0
0
0
0
0
0
0
0
0
0
0
0
0
0
0
0
0
0
0
0
0
0
0
0
0
0
0
0
0
0
0
0
0
0
0
0
0
0
0
0
0
0
0
0
0
0
0
0
0
0
0
0
0
0
0
0
0
0
0
0
0
0
0
0
0
0
0
0
0
0
0
0
0
0
0
0
0
47150DB6
4715166C
47151F22
471527D8
4715308D
47153943
46184734
46185837
47159911
4715A1C7
4715AA7C
4715B332
4715BBE8
4715C49E
46195758
4619685A
46949CC8
4694A2B9
4694A8AA
4694AE9A
4694B48B
4694BA7D
4133BE77
4133C6A8
4614BDF7
4614C3E8
4614C9D8
4614CFC9
4614D5B9
4614DBAA
41344189
413449BA
0
0
0
0
0
0
0
0
0
0
0
0
0
0
0
0
0
0
0
0
0
0
0
0
0
0
0
0
0
0
0
0
0
0
0
0
0
0
0
0
0
0
0
0
0
0
0
0
0
0
0
0
0
0
0
0
0
0
0
0
0
0
0
0
0
0
0
0
0
0
0
0
0
0
0
0
0
0
0
0
0
0
0
0
0
0
0
0
0
0
0
0
0
0
0
0
47230A9A
47231424
47231DAE
47232738
472330C2
47233A4B
46270798
46271A43
4723A33A
4723ACC4
4723B64E
4723BFD8
4723C961
4723D2EC
46283246
462844F1
46A26B22
46A271A2
46A27820
46A27E9E
46A2851D
46A28B9C
414420C5
414428F6
462292CA
46229949
46229FC7
4622A646
4622ACC4
4622B342
4144A3D7
4144AC08
0
0
0
0
0
0
0
0
0
0
0
0
0
0
0
0
0
0
0
0
0
0
0
0
0
0
0
0
0
0
0
0
0
0
0
0
0
0
0
0
0
0
0
0
0
0
0
0
0
0
0
0
0
0
0
0
0
0
0
0
0
0
0
0
0
0
0
0
0
0
0
0
0
0
0
0
0
0
0
0
0
0
0
0
0
0
0
0
0
0
0
0
0
0
0
0
4731077C
473111DC
47311C39
47312697
473130F6
47313B54
4635C7FA
4635DC50
4731AD62
4731B7C1
4731C21F
4731CC7E
4731D6DC
4731E13A
46370D34
46372188
46B0397E
46B0408A
46B04796
46B04EA4
46B055AF
46B05CBA
41548312
41548B44
4630679F
46306EAB
463075B6
46307CC2
463083CE
46308ADA
41550625
41550E56
0
0
0
0
0
0
0
0
0
0
0
0
0
0
0
0
0
0
0
0
0
0
0
0
0
0
0
0
0
0
0
0
0
0
0
0
0
0
0
0
0
0
0
0
0
0
0
0
0
0
0
0
0
0
0
0
0
0
0
0
0
0
0
0
0
0
0
0
0
0
0
0
0
0
0
0
0
0
0
0
0
0
0
0
0
0
0
0
0
0
0
0
0
0
0
0
473F0460
473F0F92
473F1AC5
473F25F8
473F312B
473F3C5C
4644885E
46449E5B
473FB78A
473FC2BD
473FCDF0
473FD922
473FE456
473FEF87
4645E822
4645FE1F
46BE07D9
46BE0F72
46BE170C
46BE1EA6
46BE2640
46BE2DDA
4164E560
4164ED91
463E3C74
463E440C
463E4BA6
463E533F
463E5AD9
463E6272
41656873
416570A4
0
0
0
0
0
0
0
0
0
0
0
0
0
0
0
0
0
0
0
0
0
0
0
0
0
0
0
0
0
0
0
0
0
0
0
0
0
0
0
0
0
0
0
0
0
0
0
0
0
0
0
0
0
0
0
0
0
0
0
0
0
0
0
0
0
0
0
0
0
0
0
0
0
0
0
0
0
0
0
0
0
0
0
0
0
0
0
0
0
0
0
0
0
0
0
0
474D0142
474D0D4A
474D1950
474D2558
474D315E
474D3D66
465348C3
46536067
474DC1B2
474DCDBA
474DD9C1
474DE5C8
474DF1CF
474DFDD6
4654C312
4654DAB7
46CBD634
46CBDE5C
46CBE683
46CBEEAA
46CBF6D2
46CBFEF9
417547AE
41754FDF
464C1146
464C196E
464C2194
464C29BC
464C31E2
464C3A0A
4175CAC1
4175D2F2
0
0
0
0
0
0
0
0
0
0
0
0
0
0
0
0
0
0
0
0
0
0
0
0
0
0
0
0
0
0
0
0
0
0
0
0
0
0
0
0
0
0
0
0
0
0
0
0
0
0
0
0
0
0
0
0
0
0
0
0
0
0
0
0
0
0
0
0
0
0
0
0
0
0
0
0
0
0
0
0
0
0
0
0
0
0
0
0
0
0
0
0
0
0
0
0
475AFE25
475B0B01
475B17DC
475B24B8
475B3193
475B3E6E
46620926
46622274
475BCBDB
475BD8B7
475BE592
475BF26D
475BFF49
475C0C24
46639DFF
4663B74C
46D9A490
46D9AD44
46D9B5F9
46D9BEAE
46D9C763
46D9D018
4182D4FE
4182D917
4659E61A
4659EED0
4659F784
465A0038
465A08EC
465A11A0
41831687
41831AA0
0
0
0
0
0
0
0
0
0
0
0
0
0
0
0
0
0
0
0
0
0
0
0
0
0
0
0
0
0
0
0
0
0
0
0
0
0
0
0
0
0
0
0
0
0
0
0
0
0
0
0
0
0
0
0
0
0
0
0
0
0
0
0
0
0
0
0
0
0
0
0
0
0
0
0
0
0
0
0
0
0
0
0
0
0
0
0
0
0
0
0
0
0
0
0
0
