45406F81
45408069
45409151
4540A239
4540B323
4540C40C
4113851F
4113D70A
45417E0B
45418EF4
45419FDB
4541B0C5
4541C1AD
4541D295
4118A3D7
4118F5C3
44FABE08
44FAD3DE
44FAE9B4
44FAFF89
44FB1560
44FB2B37
411DC28F
411E147B
44745246
447467D4
44747D63
447492F1
4474A880
4474BE0E
4122E148
41233333
0
0
0
0
0
0
0
0
0
0
0
0
0
0
0
0
0
0
0
0
0
0
0
0
0
0
0
0
0
0
0
0
0
0
0
0
0
0
0
0
0
0
0
0
0
0
0
0
0
0
0
0
0
0
0
0
0
0
0
0
0
0
0
0
0
0
0
0
0
0
0
0
0
0
0
0
0
0
0
0
0
0
0
0
0
0
0
0
0
0
0
0
0
0
0
0
46448803
46449CD2
4644B1A4
4644C676
4644DB46
4644F017
419BAE14
419BD70A
4645D512
4645E9E2
4645FEB4
46461384
46462854
46463D24
419E3D71
419E6666
46036195
46036F5F
46037D2A
46038AF4
460398BD
4603A687
41A0CCCD
41A0F5C3
4583158C
4583234E
4583310E
45833ED0
45834C90
45835A52
41A35C29
41A3851F
0
0
0
0
0
0
0
0
0
0
0
0
0
0
0
0
0
0
0
0
0
0
0
0
0
0
0
0
0
0
0
0
0
0
0
0
0
0
0
0
0
0
0
0
0
0
0
0
0
0
0
0
0
0
0
0
0
0
0
0
0
0
0
0
0
0
0
0
0
0
0
0
0
0
0
0
0
0
0
0
0
0
0
0
0
0
0
0
0
0
0
0
0
0
0
0
46AC7A12
46AC8CC6
46AC9F7A
46ACB22E
46ACC4E2
46ACD795
41ED999A
41EDC28F
46ADA54F
46ADB804
46ADCAB7
46ADDD6A
46ADF01F
46AE02D2
41F028F6
41F051EC
46676B6B
46678443
46679D1D
4667B5F6
4667CECF
4667E7A8
41F2B852
41F2E148
45E7A0D0
45E7B9A0
45E7D270
45E7EB40
45E80410
45E81CE0
41F547AE
41F570A4
0
0
0
0
0
0
0
0
0
0
0
0
0
0
0
0
0
0
0
0
0
0
0
0
0
0
0
0
0
0
0
0
0
0
0
0
0
0
0
0
0
0
0
0
0
0
0
0
0
0
0
0
0
0
0
0
0
0
0
0
0
0
0
0
0
0
0
0
0
0
0
0
0
0
0
0
0
0
0
0
0
0
0
0
0
0
0
0
0
0
0
0
0
0
0
0
46F6B024
46F6CB23
46F6E622
46F70121
46F71C22
46F73720
421FC28F
421FD70A
46F86016
46F87B16
46F89614
46F8B114
46F8CC14
46F8E714
42210A3D
42211EB8
46A5BAA0
46A5CC94
46A5DE88
46A5F07C
46A60270
46A61464
422251EC
42226666
46261609
462627FA
462639E9
46264BD9
46265DC8
46266FB8
4223999A
4223AE14
0
0
0
0
0
0
0
0
0
0
0
0
0
0
0
0
0
0
0
0
0
0
0
0
0
0
0
0
0
0
0
0
0
0
0
0
0
0
0
0
0
0
0
0
0
0
0
0
0
0
0
0
0
0
0
0
0
0
0
0
0
0
0
0
0
0
0
0
0
0
0
0
0
0
0
0
0
0
0
0
0
0
0
0
0
0
0
0
0
0
0
0
0
0
0
0
4720731B
472084C0
47209665
4720A80A
4720B9B0
4720CB55
4248B852
4248CCCD
47218D6E
47219F14
4721B0BA
4721C25E
4721D403
4721E5AA
424A0000
424A147B
46D7BF8A
46D7D705
46D7EE82
46D805FD
46D81D78
46D834F4
424B47AE
424B5C29
46585BAC
46587323
46588A9A
4658A212
4658B988
4658D0FF
424C8F5C
424CA3D7
0
0
0
0
0
0
0
0
0
0
0
0
0
0
0
0
0
0
0
0
0
0
0
0
0
0
0
0
0
0
0
0
0
0
0
0
0
0
0
0
0
0
0
0
0
0
0
0
0
0
0
0
0
0
0
0
0
0
0
0
0
0
0
0
0
0
0
0
0
0
0
0
0
0
0
0
0
0
0
0
0
0
0
0
0
0
0
0
0
0
0
0
0
0
0
0
47458E23
4745A3EF
4745B9B9
4745CF83
4745E54E
4745FB19
4271AE14
4271C28F
4746EAD2
4747009B
47471669
47472C32
474741FF
474757C9
4272F5C3
42730A3D
4704E23A
4704F0BC
4704FF3D
47050DBF
47051C40
47052AC2
42743D71
427451EC
468550A6
46855F26
46856DA6
46857C25
46858AA4
46859923
4275851F
4275999A
0
0
0
0
0
0
0
0
0
0
0
0
0
0
0
0
0
0
0
0
0
0
0
0
0
0
0
0
0
0
0
0
0
0
0
0
0
0
0
0
0
0
0
0
0
0
0
0
0
0
0
0
0
0
0
0
0
0
0
0
0
0
0
0
0
0
0
0
0
0
0
0
0
0
0
0
0
0
0
0
0
0
0
0
0
0
0
0
0
0
0
0
0
0
0
0
476AA92B
476AC31D
476ADD0E
476AF6FD
476B10EF
476B2ADE
428D51EC
428D5C29
476C4836
476C6226
476C7C17
476C9608
476CAFF8
476CC9E9
428DF5C3
428E0000
471DE4AF
471DF5F5
471E073A
471E1880
471E29C5
471E3B0A
428E999A
428EA3D7
469E7378
469E84BA
469E95FE
469EA741
469EB884
469EC9C8
428F3D71
428F47AE
0
0
0
0
0
0
0
0
0
0
0
0
0
0
0
0
0
0
0
0
0
0
0
0
0
0
0
0
0
0
0
0
0
0
0
0
0
0
0
0
0
0
0
0
0
0
0
0
0
0
0
0
0
0
0
0
0
0
0
0
0
0
0
0
0
0
0
0
0
0
0
0
0
0
0
0
0
0
0
0
0
0
0
0
0
0
0
0
0
0
0
0
0
0
0
0
4787E21A
4787F125
47880030
47880F3B
47881E47
47882D52
42A1CCCD
42A1D70A
4788D2CC
4788E1D8
4788F0E4
4788FFEE
47890EF9
47891E04
42A270A4
42A27AE1
4736E724
4736FB2E
47370F36
47372341
47373749
47374B52
42A3147B
42A31EB8
46B79648
46B7AA50
46B7BE56
46B7D25D
46B7E664
46B7FA6C
42A3B852
42A3C28F
0
0
0
0
0
0
0
0
0
0
0
0
0
0
0
0
0
0
0
0
0
0
0
0
0
0
0
0
0
0
0
0
0
0
0
0
0
0
0
0
0
0
0
0
0
0
0
0
0
0
0
0
0
0
0
0
0
0
0
0
0
0
0
0
0
0
0
0
0
0
0
0
0
0
0
0
0
0
0
0
0
0
0
0
0
0
0
0
0
0
0
0
0
0
0
0
