4113851F
4113D70A
411428F6
41147AE1
0
0
0
0
4118A3D7
4118F5C3
411947AE
4119999A
0
0
0
0
411DC28F
411E147B
411E6666
411EB852
0
0
0
0
4122E148
41233333
4123851F
4123D70A
0
0
0
0
0
0
0
0
0
0
0
0
0
0
0
0
0
0
0
0
0
0
0
0
0
0
0
0
0
0
0
0
0
0
0
0
0
0
0
0
0
0
0
0
0
0
0
0
0
0
0
0
0
0
0
0
0
0
0
0
0
0
0
0
0
0
0
0
0
0
0
0
0
0
0
0
0
0
0
0
0
0
0
0
0
0
0
0
0
0
0
0
0
0
0
0
0
0
0
0
419BAE14
419BD70A
419C0000
419C28F6
0
0
0
0
419E3D71
419E6666
419E8F5C
419EB852
0
0
0
0
41A0CCCD
41A0F5C3
41A11EB8
41A147AE
0
0
0
0
41A35C29
41A3851F
41A3AE14
41A3D70A
0
0
0
0
0
0
0
0
0
0
0
0
0
0
0
0
0
0
0
0
0
0
0
0
0
0
0
0
0
0
0
0
0
0
0
0
0
0
0
0
0
0
0
0
0
0
0
0
0
0
0
0
0
0
0
0
0
0
0
0
0
0
0
0
0
0
0
0
0
0
0
0
0
0
0
0
0
0
0
0
0
0
0
0
0
0
0
0
0
0
0
0
0
0
0
0
0
0
0
0
41ED999A
41EDC28F
41EDEB85
41EE147B
0
0
0
0
41F028F6
41F051EC
41F07AE1
41F0A3D7
0
0
0
0
41F2B852
41F2E148
41F30A3D
41F33333
0
0
0
0
41F547AE
41F570A4
41F5999A
41F5C28F
0
0
0
0
0
0
0
0
0
0
0
0
0
0
0
0
0
0
0
0
0
0
0
0
0
0
0
0
0
0
0
0
0
0
0
0
0
0
0
0
0
0
0
0
0
0
0
0
0
0
0
0
0
0
0
0
0
0
0
0
0
0
0
0
0
0
0
0
0
0
0
0
0
0
0
0
0
0
0
0
0
0
0
0
0
0
0
0
0
0
0
0
0
0
0
0
0
0
0
0
421FC28F
421FD70A
421FEB85
42200000
0
0
0
0
42210A3D
42211EB8
42213333
422147AE
0
0
0
0
422251EC
42226666
42227AE1
42228F5C
0
0
0
0
4223999A
4223AE14
4223C28F
4223D70A
0
0
0
0
0
0
0
0
0
0
0
0
0
0
0
0
0
0
0
0
0
0
0
0
0
0
0
0
0
0
0
0
0
0
0
0
0
0
0
0
0
0
0
0
0
0
0
0
0
0
0
0
0
0
0
0
0
0
0
0
0
0
0
0
0
0
0
0
0
0
0
0
0
0
0
0
0
0
0
0
0
0
0
0
0
0
0
0
0
0
0
0
0
0
0
0
0
0
0
0
4248B852
4248CCCD
4248E148
4248F5C3
0
0
0
0
424A0000
424A147B
424A28F6
424A3D71
0
0
0
0
424B47AE
424B5C29
424B70A4
424B851F
0
0
0
0
424C8F5C
424CA3D7
424CB852
424CCCCD
0
0
0
0
0
0
0
0
0
0
0
0
0
0
0
0
0
0
0
0
0
0
0
0
0
0
0
0
0
0
0
0
0
0
0
0
0
0
0
0
0
0
0
0
0
0
0
0
0
0
0
0
0
0
0
0
0
0
0
0
0
0
0
0
0
0
0
0
0
0
0
0
0
0
0
0
0
0
0
0
0
0
0
0
0
0
0
0
0
0
0
0
0
0
0
0
0
0
0
0
4271AE14
4271C28F
4271D70A
4271EB85
0
0
0
0
4272F5C3
42730A3D
42731EB8
42733333
0
0
0
0
42743D71
427451EC
42746666
42747AE1
0
0
0
0
4275851F
4275999A
4275AE14
4275C28F
0
0
0
0
0
0
0
0
0
0
0
0
0
0
0
0
0
0
0
0
0
0
0
0
0
0
0
0
0
0
0
0
0
0
0
0
0
0
0
0
0
0
0
0
0
0
0
0
0
0
0
0
0
0
0
0
0
0
0
0
0
0
0
0
0
0
0
0
0
0
0
0
0
0
0
0
0
0
0
0
0
0
0
0
0
0
0
0
0
0
0
0
0
0
0
0
0
0
0
0
428D51EC
428D5C29
428D6666
428D70A4
0
0
0
0
428DF5C3
428E0000
428E0A3D
428E147B
0
0
0
0
428E999A
428EA3D7
428EAE14
428EB852
0
0
0
0
428F3D71
428F47AE
428F51EC
428F5C29
0
0
0
0
0
0
0
0
0
0
0
0
0
0
0
0
0
0
0
0
0
0
0
0
0
0
0
0
0
0
0
0
0
0
0
0
0
0
0
0
0
0
0
0
0
0
0
0
0
0
0
0
0
0
0
0
0
0
0
0
0
0
0
0
0
0
0
0
0
0
0
0
0
0
0
0
0
0
0
0
0
0
0
0
0
0
0
0
0
0
0
0
0
0
0
0
0
0
0
0
42A1CCCD
42A1D70A
42A1E148
42A1EB85
0
0
0
0
42A270A4
42A27AE1
42A2851F
42A28F5C
0
0
0
0
42A3147B
42A31EB8
42A328F6
42A33333
0
0
0
0
42A3B852
42A3C28F
42A3CCCD
42A3D70A
0
0
0
0
0
0
0
0
0
0
0
0
0
0
0
0
0
0
0
0
0
0
0
0
0
0
0
0
0
0
0
0
0
0
0
0
0
0
0
0
0
0
0
0
0
0
0
0
0
0
0
0
0
0
0
0
0
0
0
0
0
0
0
0
0
0
0
0
0
0
0
0
0
0
0
0
0
0
0
0
0
0
0
0
0
0
0
0
0
0
0
0
0
0
0
0
0
0
0
0
