46F24415
46F2522E
46F26049
46F26E63
46F27C7D
46F28A97
46719194
45F1A276
0
0
46F325B5
46F333CE
46F341E8
46F35002
46F35E1C
46F36C36
46722C71
45F23D64
0
0
46721378
46721D25
467226D2
4672307E
46723A2A
467243D4
462181A8
45A19948
0
0
45F23BF4
45F2459E
45F24F4A
45F258F4
45F262A0
45F26C4A
45A1A8F4
4521E595
0
0
0
0
0
0
0
0
0
0
0
0
0
0
0
0
0
0
0
0
0
0
0
0
0
0
0
0
0
0
0
0
0
0
0
0
0
0
0
0
0
0
0
0
0
0
0
0
0
0
0
0
0
0
0
0
0
0
0
0
0
0
0
0
0
0
0
0
0
0
0
0
0
0
0
0
0
0
0
0
0
0
0
0
0
0
0
0
0
0
0
0
0
0
0
0
0
0
0
0
0
0
0
0
0
0
0
0
0
0
0
0
0
0
0
0
0
0
0
0
0
0
47072096
47072878
47073059
4707383A
4707401A
470747FC
46868E06
460698CA
0
0
47079EAB
4707A68C
4707AE6E
4707B650
4707BE31
4707C612
4686E44D
4606EF1A
0
0
4686D934
4686DE96
4686E3FA
4686E95E
4686EEC1
4686F425
4633F107
45B40D1E
0
0
4606F3EA
4606F94C
4606FEAF
46070412
46070975
46070ED8
45B42251
45346782
0
0
0
0
0
0
0
0
0
0
0
0
0
0
0
0
0
0
0
0
0
0
0
0
0
0
0
0
0
0
0
0
0
0
0
0
0
0
0
0
0
0
0
0
0
0
0
0
0
0
0
0
0
0
0
0
0
0
0
0
0
0
0
0
0
0
0
0
0
0
0
0
0
0
0
0
0
0
0
0
0
0
0
0
0
0
0
0
0
0
0
0
0
0
0
0
0
0
0
0
0
0
0
0
0
0
0
0
0
0
0
0
0
0
0
0
0
0
0
0
0
0
47151F22
471527D8
4715308D
47153943
471541F8
47154AAE
46945341
46146058
0
0
4715AA7C
4715B332
4715BBE8
4715C49E
4715CD53
4715D60A
4694B262
4614BF82
0
0
4694A8AA
4694AE9A
4694B48B
4694BA7D
4694C06D
4694C65E
46466066
45C680F4
0
0
4614C9D8
4614CFC9
4614D5B9
4614DBAA
4614E19B
4614E78B
45C69BAE
4546E96E
0
0
0
0
0
0
0
0
0
0
0
0
0
0
0
0
0
0
0
0
0
0
0
0
0
0
0
0
0
0
0
0
0
0
0
0
0
0
0
0
0
0
0
0
0
0
0
0
0
0
0
0
0
0
0
0
0
0
0
0
0
0
0
0
0
0
0
0
0
0
0
0
0
0
0
0
0
0
0
0
0
0
0
0
0
0
0
0
0
0
0
0
0
0
0
0
0
0
0
0
0
0
0
0
0
0
0
0
0
0
0
0
0
0
0
0
0
0
0
0
0
0
47231DAE
47232738
472330C2
47233A4B
472343D5
47234D5F
46A2187D
462227E8
0
0
4723B64E
4723BFD8
4723C961
4723D2EC
4723DC76
4723E600
46A28076
46228FE9
0
0
46A27820
46A27E9E
46A2851D
46A28B9C
46A2921A
46A29898
4658CFC5
45D8F4C8
0
0
46229FC7
4622A646
4622ACC4
4622B342
4622B9C0
4622C03E
45D9150C
45596B5C
0
0
0
0
0
0
0
0
0
0
0
0
0
0
0
0
0
0
0
0
0
0
0
0
0
0
0
0
0
0
0
0
0
0
0
0
0
0
0
0
0
0
0
0
0
0
0
0
0
0
0
0
0
0
0
0
0
0
0
0
0
0
0
0
0
0
0
0
0
0
0
0
0
0
0
0
0
0
0
0
0
0
0
0
0
0
0
0
0
0
0
0
0
0
0
0
0
0
0
0
0
0
0
0
0
0
0
0
0
0
0
0
0
0
0
0
0
0
0
0
0
0
47311C39
47312697
473130F6
47313B54
473145B2
47315012
46AFDDB7
462FEF76
0
0
4731C21F
4731CC7E
4731D6DC
4731E13A
4731EB98
4731F5F6
46B04E8A
46306050
0
0
46B04796
46B04EA4
46B055AF
46B05CBA
46B063C7
46B06AD4
466B3F23
45EB689F
0
0
463075B6
46307CC2
463083CE
46308ADA
463091E5
463098F2
45EB8E68
456BED48
0
0
0
0
0
0
0
0
0
0
0
0
0
0
0
0
0
0
0
0
0
0
0
0
0
0
0
0
0
0
0
0
0
0
0
0
0
0
0
0
0
0
0
0
0
0
0
0
0
0
0
0
0
0
0
0
0
0
0
0
0
0
0
0
0
0
0
0
0
0
0
0
0
0
0
0
0
0
0
0
0
0
0
0
0
0
0
0
0
0
0
0
0
0
0
0
0
0
0
0
0
0
0
0
0
0
0
0
0
0
0
0
0
0
0
0
0
0
0
0
0
0
473F1AC5
473F25F8
473F312B
473F3C5C
473F4790
473F52C2
46BDA2F2
463DB704
0
0
473FCDF0
473FD922
473FE456
473FEF87
473FFABA
474005EE
46BE1C9F
463E30B8
0
0
46BE170C
46BE1EA6
46BE2640
46BE2DDA
46BE3574
46BE3D0E
467DAE82
45FDDC74
0
0
463E4BA6
463E533F
463E5AD9
463E6272
463E6A0A
463E71A4
45FE07C6
457E6F34
0
0
0
0
0
0
0
0
0
0
0
0
0
0
0
0
0
0
0
0
0
0
0
0
0
0
0
0
0
0
0
0
0
0
0
0
0
0
0
0
0
0
0
0
0
0
0
0
0
0
0
0
0
0
0
0
0
0
0
0
0
0
0
0
0
0
0
0
0
0
0
0
0
0
0
0
0
0
0
0
0
0
0
0
0
0
0
0
0
0
0
0
0
0
0
0
0
0
0
0
0
0
0
0
0
0
0
0
0
0
0
0
0
0
0
0
0
0
0
0
0
0
474D1950
474D2558
474D315E
474D3D66
474D496D
474D5574
46CB682E
464B7E92
0
0
474DD9C1
474DE5C8
474DF1CF
474DFDD6
474E09DE
474E15E4
46CBEAB4
464C0120
0
0
46CBE683
46CBEEAA
46CBF6D2
46CBFEF9
46CC0720
46CC0F48
46880EF0
46082825
0
0
464C2194
464C29BC
464C31E2
464C3A0A
464C4230
464C4A56
46084092
45887891
0
0
0
0
0
0
0
0
0
0
0
0
0
0
0
0
0
0
0
0
0
0
0
0
0
0
0
0
0
0
0
0
0
0
0
0
0
0
0
0
0
0
0
0
0
0
0
0
0
0
0
0
0
0
0
0
0
0
0
0
0
0
0
0
0
0
0
0
0
0
0
0
0
0
0
0
0
0
0
0
0
0
0
0
0
0
0
0
0
0
0
0
0
0
0
0
0
0
0
0
0
0
0
0
0
0
0
0
0
0
0
0
0
0
0
0
0
0
0
0
0
0
475B17DC
475B24B8
475B3193
475B3E6E
475B4B4A
475B5826
46D92D6B
46594622
0
0
475BE592
475BF26D
475BFF49
475C0C24
475C1900
475C25DB
46D9B8C8
4659D188
0
0
46D9B5F9
46D9BEAE
46D9C763
46D9D018
46D9D8CD
46D9E182
469146A0
46116210
0
0
4659F784
465A0038
465A08EC
465A11A0
465A1A56
465A230A
46117D40
4591B987
0
0
0
0
0
0
0
0
0
0
0
0
0
0
0
0
0
0
0
0
0
0
0
0
0
0
0
0
0
0
0
0
0
0
0
0
0
0
0
0
0
0
0
0
0
0
0
0
0
0
0
0
0
0
0
0
0
0
0
0
0
0
0
0
0
0
0
0
0
0
0
0
0
0
0
0
0
0
0
0
0
0
0
0
0
0
0
0
0
0
0
0
0
0
0
0
0
0
0
0
0
0
0
0
0
0
0
0
0
0
0
0
0
0
0
0
0
0
0
0
0
0
