45F44444
45F45FA6
45F47B09
45F4966B
45F4B1CB
45F4CD2E
45F4E890
45F503F2
45F5FA60
45F615C3
45F63125
45F64C86
45F667E7
45F6834A
45F69EAA
45F6BA0D
4112978D
41129FBE
4112A7F0
4112B021
4112B852
4112C083
4112C8B4
4112D0E5
41131AA0
411322D1
41132B02
41133333
41133B64
41134396
41134BC7
411353F8
0
0
0
0
0
0
0
0
0
0
0
0
0
0
0
0
0
0
0
0
0
0
0
0
0
0
0
0
0
0
0
0
0
0
0
0
0
0
0
0
0
0
0
0
0
0
0
0
0
0
0
0
0
0
0
0
0
0
0
0
0
0
0
0
0
0
0
0
0
0
0
0
0
0
0
0
0
0
0
0
0
0
0
0
0
0
0
0
0
0
0
0
0
0
0
0
4608CE9E
4608DDF8
4608ED52
4608FCAB
46090C04
46091B5F
46092AB8
46093A11
4609C436
4609D390
4609E2EA
4609F243
460A019E
460A10F6
460A2050
460A2FA9
4122F9DB
4123020C
41230A3D
4123126F
41231AA0
412322D1
41232B02
41233333
41237CEE
4123851F
41238D50
41239581
41239DB2
4123A5E3
4123AE14
4123B646
0
0
0
0
0
0
0
0
0
0
0
0
0
0
0
0
0
0
0
0
0
0
0
0
0
0
0
0
0
0
0
0
0
0
0
0
0
0
0
0
0
0
0
0
0
0
0
0
0
0
0
0
0
0
0
0
0
0
0
0
0
0
0
0
0
0
0
0
0
0
0
0
0
0
0
0
0
0
0
0
0
0
0
0
0
0
0
0
0
0
0
0
0
0
0
0
46177B1A
46178C1C
46179D1E
4617AE20
4617BF22
4617D025
4617E127
4617F229
46188B3D
46189C40
4618AD42
4618BE44
4618CF46
4618E048
4618F14A
4619024E
41335C29
4133645A
41336C8B
413374BC
41337CEE
4133851F
41338D50
41339581
4133DF3B
4133E76D
4133EF9E
4133F7CF
41340000
41340831
41341062
41341893
0
0
0
0
0
0
0
0
0
0
0
0
0
0
0
0
0
0
0
0
0
0
0
0
0
0
0
0
0
0
0
0
0
0
0
0
0
0
0
0
0
0
0
0
0
0
0
0
0
0
0
0
0
0
0
0
0
0
0
0
0
0
0
0
0
0
0
0
0
0
0
0
0
0
0
0
0
0
0
0
0
0
0
0
0
0
0
0
0
0
0
0
0
0
0
0
46262795
46263A40
46264CEA
46265F96
46267240
462684EB
46269796
4626AA42
46275243
462764EF
46277798
46278A44
46279CEF
4627AF99
4627C245
4627D4F0
4143BE77
4143C6A8
4143CED9
4143D70A
4143DF3B
4143E76D
4143EF9E
4143F7CF
41444189
414449BA
414451EC
41445A1D
4144624E
41446A7F
414472B0
41447AE1
0
0
0
0
0
0
0
0
0
0
0
0
0
0
0
0
0
0
0
0
0
0
0
0
0
0
0
0
0
0
0
0
0
0
0
0
0
0
0
0
0
0
0
0
0
0
0
0
0
0
0
0
0
0
0
0
0
0
0
0
0
0
0
0
0
0
0
0
0
0
0
0
0
0
0
0
0
0
0
0
0
0
0
0
0
0
0
0
0
0
0
0
0
0
0
0
4634D410
4634E864
4634FCB8
4635110B
4635255F
463539B2
46354E06
4635625A
46361949
46362D9E
463641F0
46365644
46366A98
46367EEC
4636933F
4636A793
415420C5
415428F6
41543127
41543958
41544189
415449BA
415451EC
41545A1D
4154A3D7
4154AC08
4154B439
4154BC6A
4154C49C
4154CCCD
4154D4FE
4154DD2F
0
0
0
0
0
0
0
0
0
0
0
0
0
0
0
0
0
0
0
0
0
0
0
0
0
0
0
0
0
0
0
0
0
0
0
0
0
0
0
0
0
0
0
0
0
0
0
0
0
0
0
0
0
0
0
0
0
0
0
0
0
0
0
0
0
0
0
0
0
0
0
0
0
0
0
0
0
0
0
0
0
0
0
0
0
0
0
0
0
0
0
0
0
0
0
0
4643808C
46439689
4643AC85
4643C282
4643D87D
4643EE7A
46440475
46441A72
4644E050
4644F64C
46450C48
46452245
46453840
46454E3E
46456439
46457A36
41648312
41648B44
41649375
41649BA6
4164A3D7
4164AC08
4164B439
4164BC6A
41650625
41650E56
41651687
41651EB8
416526E9
41652F1B
4165374C
41653F7D
0
0
0
0
0
0
0
0
0
0
0
0
0
0
0
0
0
0
0
0
0
0
0
0
0
0
0
0
0
0
0
0
0
0
0
0
0
0
0
0
0
0
0
0
0
0
0
0
0
0
0
0
0
0
0
0
0
0
0
0
0
0
0
0
0
0
0
0
0
0
0
0
0
0
0
0
0
0
0
0
0
0
0
0
0
0
0
0
0
0
0
0
0
0
0
0
46522D07
465244AD
46525C51
465273F6
46528B9A
4652A340
4652BAE6
4652D289
4653A757
4653BEFA
4653D6A0
4653EE45
465405EA
46541D8F
46543533
46544CD8
4174E560
4174ED91
4174F5C3
4174FDF4
41750625
41750E56
41751687
41751EB8
41756873
417570A4
417578D5
41758106
41758937
41759168
4175999A
4175A1CB
0
0
0
0
0
0
0
0
0
0
0
0
0
0
0
0
0
0
0
0
0
0
0
0
0
0
0
0
0
0
0
0
0
0
0
0
0
0
0
0
0
0
0
0
0
0
0
0
0
0
0
0
0
0
0
0
0
0
0
0
0
0
0
0
0
0
0
0
0
0
0
0
0
0
0
0
0
0
0
0
0
0
0
0
0
0
0
0
0
0
0
0
0
0
0
0
4660D983
4660F2D2
46610C1E
4661256B
46613EBA
46615808
46617155
46618AA2
46626E5E
466287AA
4662A0F9
4662BA45
4662D391
4662ECE1
4663062E
46631F7C
4182A3D7
4182A7F0
4182AC08
4182B021
4182B439
4182B852
4182BC6A
4182C083
4182E560
4182E979
4182ED91
4182F1AA
4182F5C3
4182F9DB
4182FDF4
4183020C
0
0
0
0
0
0
0
0
0
0
0
0
0
0
0
0
0
0
0
0
0
0
0
0
0
0
0
0
0
0
0
0
0
0
0
0
0
0
0
0
0
0
0
0
0
0
0
0
0
0
0
0
0
0
0
0
0
0
0
0
0
0
0
0
0
0
0
0
0
0
0
0
0
0
0
0
0
0
0
0
0
0
0
0
0
0
0
0
0
0
0
0
0
0
0
0
