489845D5
48984EA4
48177B86
47978603
0
0
0
0
4898D2DF
4898DBB0
4817DC56
4797E6DC
0
0
0
0
4817E4D1
4817EADD
47CA8D4A
474AAAB7
0
0
0
0
4797FDF4
479803FF
474ABE30
46CB09D5
0
0
0
0
0
0
0
0
0
0
0
0
0
0
0
0
0
0
0
0
0
0
0
0
0
0
0
0
0
0
0
0
0
0
0
0
0
0
0
0
0
0
0
0
0
0
0
0
0
0
0
0
0
0
0
0
0
0
0
0
0
0
0
0
0
0
0
0
0
0
0
0
0
0
0
0
0
0
0
0
0
0
0
0
0
0
0
0
0
0
0
0
0
0
0
0
0
0
0
0
48A9DCE5
48A9E6BF
4828BFE3
47A8CD48
0
0
0
0
48AA7A87
48AA8462
48292BC2
47A93930
0
0
0
0
482938BD
48293F78
47E1AAF0
4761CDF0
0
0
0
0
47A959F6
47A960B2
4761E853
46E23EAB
0
0
0
0
0
0
0
0
0
0
0
0
0
0
0
0
0
0
0
0
0
0
0
0
0
0
0
0
0
0
0
0
0
0
0
0
0
0
0
0
0
0
0
0
0
0
0
0
0
0
0
0
0
0
0
0
0
0
0
0
0
0
0
0
0
0
0
0
0
0
0
0
0
0
0
0
0
0
0
0
0
0
0
0
0
0
0
0
0
0
0
0
0
0
0
0
0
0
0
0
48BB73F6
48BB7EDA
483A0442
47BA148D
0
0
0
0
48BC222E
48BC2D11
483A7B2F
47BA8B85
0
0
0
0
483A8CA7
483A9414
47F8C892
4778F12A
0
0
0
0
47BAB5F8
47BABD64
47791277
46F97382
0
0
0
0
0
0
0
0
0
0
0
0
0
0
0
0
0
0
0
0
0
0
0
0
0
0
0
0
0
0
0
0
0
0
0
0
0
0
0
0
0
0
0
0
0
0
0
0
0
0
0
0
0
0
0
0
0
0
0
0
0
0
0
0
0
0
0
0
0
0
0
0
0
0
0
0
0
0
0
0
0
0
0
0
0
0
0
0
0
0
0
0
0
0
0
0
0
0
0
0
48CD0B08
48CD16F3
484B489E
47CB5BD2
0
0
0
0
48CDC9D6
48CDD5C4
484BCA9C
47CBDDDA
0
0
0
0
484BE092
484BE8B1
4807F31C
47880A32
0
0
0
0
47CC11F8
47CC1A17
47881E4D
4708542C
0
0
0
0
0
0
0
0
0
0
0
0
0
0
0
0
0
0
0
0
0
0
0
0
0
0
0
0
0
0
0
0
0
0
0
0
0
0
0
0
0
0
0
0
0
0
0
0
0
0
0
0
0
0
0
0
0
0
0
0
0
0
0
0
0
0
0
0
0
0
0
0
0
0
0
0
0
0
0
0
0
0
0
0
0
0
0
0
0
0
0
0
0
0
0
0
0
0
0
0
48DEA216
48DEAF0E
485C8CFB
47DCA317
0
0
0
0
48DF717F
48DF7E73
485D1A08
47DD302E
0
0
0
0
485D347C
485D3D4C
481381F0
47939BCF
0
0
0
0
47DD6DFA
47DD76CA
4793B35E
4713EE97
0
0
0
0
0
0
0
0
0
0
0
0
0
0
0
0
0
0
0
0
0
0
0
0
0
0
0
0
0
0
0
0
0
0
0
0
0
0
0
0
0
0
0
0
0
0
0
0
0
0
0
0
0
0
0
0
0
0
0
0
0
0
0
0
0
0
0
0
0
0
0
0
0
0
0
0
0
0
0
0
0
0
0
0
0
0
0
0
0
0
0
0
0
0
0
0
0
0
0
0
48F03925
48F04729
486DD15A
47EDEA5D
0
0
0
0
48F11924
48F12726
486E6975
47EE8282
0
0
0
0
486E8869
486E91E8
481F10C2
479F2D6C
0
0
0
0
47EEC9FC
47EED37C
479F4870
471F8903
0
0
0
0
0
0
0
0
0
0
0
0
0
0
0
0
0
0
0
0
0
0
0
0
0
0
0
0
0
0
0
0
0
0
0
0
0
0
0
0
0
0
0
0
0
0
0
0
0
0
0
0
0
0
0
0
0
0
0
0
0
0
0
0
0
0
0
0
0
0
0
0
0
0
0
0
0
0
0
0
0
0
0
0
0
0
0
0
0
0
0
0
0
0
0
0
0
0
0
0
4900E81D
4900EFA1
487F15B6
47FF31A2
0
0
0
0
49016066
490167EB
487FB8E1
47FFD4D6
0
0
0
0
487FDC51
487FE683
482A9F94
47AABF08
0
0
0
0
480012FE
48001818
47AADD82
472B236E
0
0
0
0
0
0
0
0
0
0
0
0
0
0
0
0
0
0
0
0
0
0
0
0
0
0
0
0
0
0
0
0
0
0
0
0
0
0
0
0
0
0
0
0
0
0
0
0
0
0
0
0
0
0
0
0
0
0
0
0
0
0
0
0
0
0
0
0
0
0
0
0
0
0
0
0
0
0
0
0
0
0
0
0
0
0
0
0
0
0
0
0
0
0
0
0
0
0
0
0
4909B3A5
4909BBAE
48882D0A
48083C73
0
0
0
0
490A343A
490A3C44
48888427
48089396
0
0
0
0
4888981E
48889D90
48362E67
47B650A6
0
0
0
0
4808C0FF
4808C670
47B67294
4736BDDA
0
0
0
0
0
0
0
0
0
0
0
0
0
0
0
0
0
0
0
0
0
0
0
0
0
0
0
0
0
0
0
0
0
0
0
0
0
0
0
0
0
0
0
0
0
0
0
0
0
0
0
0
0
0
0
0
0
0
0
0
0
0
0
0
0
0
0
0
0
0
0
0
0
0
0
0
0
0
0
0
0
0
0
0
0
0
0
0
0
0
0
0
0
0
0
0
0
0
0
0
