479AD652
479AE770
474E9DB0
46CEEE43
0
0
0
0
479BE833
479BF950
47500ACE
46D05B8B
0
0
0
0
47507267
47508934
470B1D80
468B721A
0
0
0
0
46D141DA
46D158A4
468BC690
460C779A
0
0
0
0
0
0
0
0
0
0
0
0
0
0
0
0
0
0
0
0
0
0
0
0
0
0
0
0
0
0
0
0
0
0
0
0
0
0
0
0
0
0
0
0
0
0
0
0
0
0
0
0
0
0
0
0
0
0
0
0
0
0
0
0
0
0
0
0
0
0
0
0
0
0
0
0
0
0
0
0
0
0
0
0
0
0
0
0
0
0
0
0
0
0
0
0
0
0
0
0
47AD7048
47AD837A
47677286
46E7CEB8
0
0
0
0
47AEA356
47AEB687
47690BE0
46E9683E
0
0
0
0
47698572
47699F03
471BDB0A
469C3ACE
0
0
0
0
46EA7542
46EA8ED0
469C9D18
461D6388
0
0
0
0
0
0
0
0
0
0
0
0
0
0
0
0
0
0
0
0
0
0
0
0
0
0
0
0
0
0
0
0
0
0
0
0
0
0
0
0
0
0
0
0
0
0
0
0
0
0
0
0
0
0
0
0
0
0
0
0
0
0
0
0
0
0
0
0
0
0
0
0
0
0
0
0
0
0
0
0
0
0
0
0
0
0
0
0
0
0
0
0
0
0
0
0
0
0
0
0
47C00A3E
47C01F80
478023AE
47005797
0
0
0
0
47C15E78
47C173BC
4781067A
47013A78
0
0
0
0
47814C3F
47815A6A
472C9896
46AD0382
0
0
0
0
4701D455
4701E27E
46AD739F
462E4F76
0
0
0
0
0
0
0
0
0
0
0
0
0
0
0
0
0
0
0
0
0
0
0
0
0
0
0
0
0
0
0
0
0
0
0
0
0
0
0
0
0
0
0
0
0
0
0
0
0
0
0
0
0
0
0
0
0
0
0
0
0
0
0
0
0
0
0
0
0
0
0
0
0
0
0
0
0
0
0
0
0
0
0
0
0
0
0
0
0
0
0
0
0
0
0
0
0
0
0
0
47D2A433
47D2BB89
478C8E1A
470CC7D2
0
0
0
0
47D4199B
47D430F1
478D8704
470DC0D1
0
0
0
0
478DD5C5
478DE552
473D5621
46BDCC36
0
0
0
0
470E6E09
470E7D94
46BE4A26
463F3B65
0
0
0
0
0
0
0
0
0
0
0
0
0
0
0
0
0
0
0
0
0
0
0
0
0
0
0
0
0
0
0
0
0
0
0
0
0
0
0
0
0
0
0
0
0
0
0
0
0
0
0
0
0
0
0
0
0
0
0
0
0
0
0
0
0
0
0
0
0
0
0
0
0
0
0
0
0
0
0
0
0
0
0
0
0
0
0
0
0
0
0
0
0
0
0
0
0
0
0
0
47E53E27
47E55791
4798F884
4719380C
0
0
0
0
47E6D4BE
47E6EE27
479A078F
471A472B
0
0
0
0
479A5F4B
479A703A
474E13AC
46CE94EA
0
0
0
0
471B07BC
471B18A9
46CF20AD
46502753
0
0
0
0
0
0
0
0
0
0
0
0
0
0
0
0
0
0
0
0
0
0
0
0
0
0
0
0
0
0
0
0
0
0
0
0
0
0
0
0
0
0
0
0
0
0
0
0
0
0
0
0
0
0
0
0
0
0
0
0
0
0
0
0
0
0
0
0
0
0
0
0
0
0
0
0
0
0
0
0
0
0
0
0
0
0
0
0
0
0
0
0
0
0
0
0
0
0
0
0
47F7D81D
47F7F399
47A562EF
4725A848
0
0
0
0
47F98FE1
47F9AB5E
47A68817
4726CD84
0
0
0
0
47A6E8D2
47A6FB21
475ED136
46DF5D9F
0
0
0
0
4727A170
4727B3BF
46DFF734
46611341
0
0
0
0
0
0
0
0
0
0
0
0
0
0
0
0
0
0
0
0
0
0
0
0
0
0
0
0
0
0
0
0
0
0
0
0
0
0
0
0
0
0
0
0
0
0
0
0
0
0
0
0
0
0
0
0
0
0
0
0
0
0
0
0
0
0
0
0
0
0
0
0
0
0
0
0
0
0
0
0
0
0
0
0
0
0
0
0
0
0
0
0
0
0
0
0
0
0
0
0
4805390A
480547D1
47B1CD5C
47321883
0
0
0
0
48062581
48063449
47B308A2
473353DD
0
0
0
0
47B37258
47B3860A
476F8EC1
46F02653
0
0
0
0
47343B23
47344ED4
46F0CDBA
4671FF2F
0
0
0
0
0
0
0
0
0
0
0
0
0
0
0
0
0
0
0
0
0
0
0
0
0
0
0
0
0
0
0
0
0
0
0
0
0
0
0
0
0
0
0
0
0
0
0
0
0
0
0
0
0
0
0
0
0
0
0
0
0
0
0
0
0
0
0
0
0
0
0
0
0
0
0
0
0
0
0
0
0
0
0
0
0
0
0
0
0
0
0
0
0
0
0
0
0
0
0
0
480E8604
480E95D5
47BE37C6
473E88BE
0
0
0
0
480F8313
480F92E4
47BF892B
473FDA37
0
0
0
0
47BFFBDC
47C010F1
47802626
47007784
0
0
0
0
4740D4D8
4740E9EA
4700D222
4681758E
0
0
0
0
0
0
0
0
0
0
0
0
0
0
0
0
0
0
0
0
0
0
0
0
0
0
0
0
0
0
0
0
0
0
0
0
0
0
0
0
0
0
0
0
0
0
0
0
0
0
0
0
0
0
0
0
0
0
0
0
0
0
0
0
0
0
0
0
0
0
0
0
0
0
0
0
0
0
0
0
0
0
0
0
0
0
0
0
0
0
0
0
0
0
0
0
0
0
0
0
