4397C8C7
4397D636
4397E3A5
4397F114
4397FE84
43980BF4
43981963
439826D2
43989FBC
4398AD2C
4398BA9B
4398C80A
4398D579
4398E2E8
4398F058
4398FDC6
3F7851EC
3F78D4FE
3F795810
3F79DB23
3F7A5E35
3F7AE148
3F7B645A
3F7BE76D
3F804189
3F808312
3F80C49C
3F810625
3F8147AE
3F818937
3F81CAC1
3F820C4A
0
0
0
0
0
0
0
0
0
0
0
0
0
0
0
0
0
0
0
0
0
0
0
0
0
0
0
0
0
0
0
0
0
0
0
0
0
0
0
0
0
0
0
0
0
0
0
0
0
0
0
0
0
0
0
0
0
0
0
0
0
0
0
0
0
0
0
0
0
0
0
0
0
0
0
0
0
0
0
0
0
0
0
0
0
0
0
0
0
0
0
0
0
0
0
0
449B560E
449B66B0
449B7750
449B87F1
449B9892
449BA934
449BB9D4
449BCA76
449C6022
449C70C2
449C8164
449C9204
449CA2A7
449CB348
449CC3E9
449CD48A
3FFF3B64
3FFF7CEE
3FFFBE77
40000000
400020C5
40004189
4000624E
40008312
4001A9FC
4001CAC1
4001EB85
40020C4A
40022D0E
40024DD3
40026E98
40028F5C
0
0
0
0
0
0
0
0
0
0
0
0
0
0
0
0
0
0
0
0
0
0
0
0
0
0
0
0
0
0
0
0
0
0
0
0
0
0
0
0
0
0
0
0
0
0
0
0
0
0
0
0
0
0
0
0
0
0
0
0
0
0
0
0
0
0
0
0
0
0
0
0
0
0
0
0
0
0
0
0
0
0
0
0
0
0
0
0
0
0
0
0
0
0
0
0
45085CF5
45086BE9
45087ADC
450889D0
450898C3
4508A7B6
4508B6A9
4508C59C
45094C2A
45095B1D
45096A10
45097904
450987F8
450996EA
4509A5DE
4509B4D1
404126E9
404147AE
40416873
40418937
4041A9FC
4041CAC1
4041EB85
40420C4A
40433333
404353F8
404374BC
40439581
4043B646
4043D70A
4043F7CF
40441893
0
0
0
0
0
0
0
0
0
0
0
0
0
0
0
0
0
0
0
0
0
0
0
0
0
0
0
0
0
0
0
0
0
0
0
0
0
0
0
0
0
0
0
0
0
0
0
0
0
0
0
0
0
0
0
0
0
0
0
0
0
0
0
0
0
0
0
0
0
0
0
0
0
0
0
0
0
0
0
0
0
0
0
0
0
0
0
0
0
0
0
0
0
0
0
0
45430EE3
45432479
45433A10
45434FA5
4543653A
45437AD1
45439067
4543A5FE
45446843
45447DD8
4544936F
4544A904
4544BE9B
4544D432
4544E9C6
4544FF5C
40815810
40816873
408178D5
40818937
4081999A
4081A9FC
4081BA5E
4081CAC1
40825E35
40826E98
40827EFA
40828F5C
40829FBE
4082B021
4082C083
4082D0E5
0
0
0
0
0
0
0
0
0
0
0
0
0
0
0
0
0
0
0
0
0
0
0
0
0
0
0
0
0
0
0
0
0
0
0
0
0
0
0
0
0
0
0
0
0
0
0
0
0
0
0
0
0
0
0
0
0
0
0
0
0
0
0
0
0
0
0
0
0
0
0
0
0
0
0
0
0
0
0
0
0
0
0
0
0
0
0
0
0
0
0
0
0
0
0
0
457DC0D0
457DDD0C
457DF944
457E157C
457E31B5
457E4DEE
457E6A26
457E865E
457F845C
457FA096
457FBCCE
457FD907
457FF53F
458008BC
458016D8
458024F4
40A21CAC
40A22D0E
40A23D71
40A24DD3
40A25E35
40A26E98
40A27EFA
40A28F5C
40A322D1
40A33333
40A34396
40A353F8
40A3645A
40A374BC
40A3851F
40A39581
0
0
0
0
0
0
0
0
0
0
0
0
0
0
0
0
0
0
0
0
0
0
0
0
0
0
0
0
0
0
0
0
0
0
0
0
0
0
0
0
0
0
0
0
0
0
0
0
0
0
0
0
0
0
0
0
0
0
0
0
0
0
0
0
0
0
0
0
0
0
0
0
0
0
0
0
0
0
0
0
0
0
0
0
0
0
0
0
0
0
0
0
0
0
0
0
459C3960
459C4ACD
459C5C3B
459C6DA9
459C7F17
459C9084
459CA1F2
459CB360
459D503B
459D61A8
459D7316
459D8484
459D95F2
459DA75F
459DB8CC
459DCA3A
40C2E148
40C2F1AA
40C3020C
40C3126F
40C322D1
40C33333
40C34396
40C353F8
40C3E76D
40C3F7CF
40C40831
40C41893
40C428F6
40C43958
40C449BA
40C45A1D
0
0
0
0
0
0
0
0
0
0
0
0
0
0
0
0
0
0
0
0
0
0
0
0
0
0
0
0
0
0
0
0
0
0
0
0
0
0
0
0
0
0
0
0
0
0
0
0
0
0
0
0
0
0
0
0
0
0
0
0
0
0
0
0
0
0
0
0
0
0
0
0
0
0
0
0
0
0
0
0
0
0
0
0
0
0
0
0
0
0
0
0
0
0
0
0
45B99256
45B9A716
45B9BBD4
45B9D094
45B9E554
45B9FA13
45BA0ED1
45BA2390
45BADE48
45BAF306
45BB07C6
45BB1C84
45BB3144
45BB4602
45BB5AC2
45BB6F80
40E3A5E3
40E3B646
40E3C6A8
40E3D70A
40E3E76D
40E3F7CF
40E40831
40E41893
40E4AC08
40E4BC6A
40E4CCCD
40E4DD2F
40E4ED91
40E4FDF4
40E50E56
40E51EB8
0
0
0
0
0
0
0
0
0
0
0
0
0
0
0
0
0
0
0
0
0
0
0
0
0
0
0
0
0
0
0
0
0
0
0
0
0
0
0
0
0
0
0
0
0
0
0
0
0
0
0
0
0
0
0
0
0
0
0
0
0
0
0
0
0
0
0
0
0
0
0
0
0
0
0
0
0
0
0
0
0
0
0
0
0
0
0
0
0
0
0
0
0
0
0
0
45D6EB4D
45D7035F
45D71B6E
45D73380
45D74B8E
45D7639F
45D77BB0
45D793C0
45D86C53
45D88465
45D89C76
45D8B486
45D8CC96
45D8E4A6
45D8FCB6
45D914C8
4102353F
41023D71
410245A2
41024DD3
41025604
41025E35
41026666
41026E98
4102B852
4102C083
4102C8B4
4102D0E5
4102D917
4102E148
4102E979
4102F1AA
0
0
0
0
0
0
0
0
0
0
0
0
0
0
0
0
0
0
0
0
0
0
0
0
0
0
0
0
0
0
0
0
0
0
0
0
0
0
0
0
0
0
0
0
0
0
0
0
0
0
0
0
0
0
0
0
0
0
0
0
0
0
0
0
0
0
0
0
0
0
0
0
0
0
0
0
0
0
0
0
0
0
0
0
0
0
0
0
0
0
0
0
0
0
0
0
