45F51F53
45F53AB4
45F55616
45F57178
45F58CDA
45F5A83C
41120419
41120C4A
0
0
45F6D56E
45F6F0D0
45F70C31
45F72795
45F742F6
45F75E56
4112872B
41128F5C
0
0
4112D917
4112E148
4112E979
4112F1AA
4112F9DB
4113020C
41130A3D
4113126F
0
0
41135C29
4113645A
41136C8B
411374BC
41137CEE
4113851F
41138D50
41139581
0
0
0
0
0
0
0
0
0
0
0
0
0
0
0
0
0
0
0
0
0
0
0
0
0
0
0
0
0
0
0
0
0
0
0
0
0
0
0
0
0
0
0
0
0
0
0
0
0
0
0
0
0
0
0
0
0
0
0
0
0
0
0
0
0
0
0
0
0
0
0
0
0
0
0
0
0
0
0
0
0
0
0
0
0
0
0
0
0
0
0
0
0
0
0
0
0
0
0
0
0
0
0
0
0
0
0
0
0
0
0
0
0
0
0
0
0
0
0
0
0
0
4609496A
460958C4
4609681E
46097777
460986D0
4609962A
41226666
41226E98
0
0
460A3F02
460A4E5D
460A5DB6
460A6D10
460A7C69
460A8BC2
4122E979
4122F1AA
0
0
41233B64
41234396
41234BC7
412353F8
41235C29
4123645A
41236C8B
412374BC
0
0
4123BE77
4123C6A8
4123CED9
4123D70A
4123DF3B
4123E76D
4123EF9E
4123F7CF
0
0
0
0
0
0
0
0
0
0
0
0
0
0
0
0
0
0
0
0
0
0
0
0
0
0
0
0
0
0
0
0
0
0
0
0
0
0
0
0
0
0
0
0
0
0
0
0
0
0
0
0
0
0
0
0
0
0
0
0
0
0
0
0
0
0
0
0
0
0
0
0
0
0
0
0
0
0
0
0
0
0
0
0
0
0
0
0
0
0
0
0
0
0
0
0
0
0
0
0
0
0
0
0
0
0
0
0
0
0
0
0
0
0
0
0
0
0
0
0
0
0
4618032B
4618142E
46182530
46183632
46184734
46185837
4132C8B4
4132D0E5
0
0
4619134F
46192451
46193554
46194655
46195758
4619685A
41334BC7
413353F8
0
0
41339DB2
4133A5E3
4133AE14
4133B646
4133BE77
4133C6A8
4133CED9
4133D70A
0
0
413420C5
413428F6
41343127
41343958
41344189
413449BA
413451EC
41345A1D
0
0
0
0
0
0
0
0
0
0
0
0
0
0
0
0
0
0
0
0
0
0
0
0
0
0
0
0
0
0
0
0
0
0
0
0
0
0
0
0
0
0
0
0
0
0
0
0
0
0
0
0
0
0
0
0
0
0
0
0
0
0
0
0
0
0
0
0
0
0
0
0
0
0
0
0
0
0
0
0
0
0
0
0
0
0
0
0
0
0
0
0
0
0
0
0
0
0
0
0
0
0
0
0
0
0
0
0
0
0
0
0
0
0
0
0
0
0
0
0
0
0
4626BCEC
4626CF97
4626E242
4626F4ED
46270798
46271A43
41432B02
41433333
0
0
4627E79A
4627FA46
46280CF0
46281F9B
46283246
462844F1
4143AE14
4143B646
0
0
41440000
41440831
41441062
41441893
414420C5
414428F6
41443127
41443958
0
0
41448312
41448B44
41449375
41449BA6
4144A3D7
4144AC08
4144B439
4144BC6A
0
0
0
0
0
0
0
0
0
0
0
0
0
0
0
0
0
0
0
0
0
0
0
0
0
0
0
0
0
0
0
0
0
0
0
0
0
0
0
0
0
0
0
0
0
0
0
0
0
0
0
0
0
0
0
0
0
0
0
0
0
0
0
0
0
0
0
0
0
0
0
0
0
0
0
0
0
0
0
0
0
0
0
0
0
0
0
0
0
0
0
0
0
0
0
0
0
0
0
0
0
0
0
0
0
0
0
0
0
0
0
0
0
0
0
0
0
0
0
0
0
0
463576AD
46358B00
46359F55
4635B3A8
4635C7FA
4635DC50
41538D50
41539581
0
0
4636BBE6
4636D03A
4636E48D
4636F8E2
46370D34
46372188
41541062
41541893
0
0
4154624E
41546A7F
415472B0
41547AE1
41548312
41548B44
41549375
41549BA6
0
0
4154E560
4154ED91
4154F5C3
4154FDF4
41550625
41550E56
41551687
41551EB8
0
0
0
0
0
0
0
0
0
0
0
0
0
0
0
0
0
0
0
0
0
0
0
0
0
0
0
0
0
0
0
0
0
0
0
0
0
0
0
0
0
0
0
0
0
0
0
0
0
0
0
0
0
0
0
0
0
0
0
0
0
0
0
0
0
0
0
0
0
0
0
0
0
0
0
0
0
0
0
0
0
0
0
0
0
0
0
0
0
0
0
0
0
0
0
0
0
0
0
0
0
0
0
0
0
0
0
0
0
0
0
0
0
0
0
0
0
0
0
0
0
0
4644306D
4644466B
46445C68
46447263
4644885E
46449E5B
4163EF9E
4163F7CF
0
0
46459032
4645A62E
4645BC2B
4645D226
4645E822
4645FE1F
416472B0
41647AE1
0
0
4164C49C
4164CCCD
4164D4FE
4164DD2F
4164E560
4164ED91
4164F5C3
4164FDF4
0
0
416547AE
41654FDF
41655810
41656042
41656873
416570A4
416578D5
41658106
0
0
0
0
0
0
0
0
0
0
0
0
0
0
0
0
0
0
0
0
0
0
0
0
0
0
0
0
0
0
0
0
0
0
0
0
0
0
0
0
0
0
0
0
0
0
0
0
0
0
0
0
0
0
0
0
0
0
0
0
0
0
0
0
0
0
0
0
0
0
0
0
0
0
0
0
0
0
0
0
0
0
0
0
0
0
0
0
0
0
0
0
0
0
0
0
0
0
0
0
0
0
0
0
0
0
0
0
0
0
0
0
0
0
0
0
0
0
0
0
0
0
4652EA30
465301D3
46531978
4653311D
465348C3
46536067
417451EC
41745A1D
0
0
4654647D
46547C24
465493C9
4654AB6C
4654C312
4654DAB7
4174D4FE
4174DD2F
0
0
417526E9
41752F1B
4175374C
41753F7D
417547AE
41754FDF
41755810
41756042
0
0
4175A9FC
4175B22D
4175BA5E
4175C28F
4175CAC1
4175D2F2
4175DB23
4175E354
0
0
0
0
0
0
0
0
0
0
0
0
0
0
0
0
0
0
0
0
0
0
0
0
0
0
0
0
0
0
0
0
0
0
0
0
0
0
0
0
0
0
0
0
0
0
0
0
0
0
0
0
0
0
0
0
0
0
0
0
0
0
0
0
0
0
0
0
0
0
0
0
0
0
0
0
0
0
0
0
0
0
0
0
0
0
0
0
0
0
0
0
0
0
0
0
0
0
0
0
0
0
0
0
0
0
0
0
0
0
0
0
0
0
0
0
0
0
0
0
0
0
4661A3F0
4661BD3C
4661D68C
4661EFD8
46620926
46622274
41825A1D
41825E35
0
0
466338C8
46635217
46636B64
466384B2
46639DFF
4663B74C
41829BA6
41829FBE
0
0
4182C49C
4182C8B4
4182CCCD
4182D0E5
4182D4FE
4182D917
4182DD2F
4182E148
0
0
41830625
41830A3D
41830E56
4183126F
41831687
41831AA0
41831EB8
418322D1
0
0
0
0
0
0
0
0
0
0
0
0
0
0
0
0
0
0
0
0
0
0
0
0
0
0
0
0
0
0
0
0
0
0
0
0
0
0
0
0
0
0
0
0
0
0
0
0
0
0
0
0
0
0
0
0
0
0
0
0
0
0
0
0
0
0
0
0
0
0
0
0
0
0
0
0
0
0
0
0
0
0
0
0
0
0
0
0
0
0
0
0
0
0
0
0
0
0
0
0
0
0
0
0
0
0
0
0
0
0
0
0
0
0
0
0
0
0
0
0
0
0
