4512DAC2
4512E166
4512E80C
4512EEB0
4512F556
4512FBFB
44A9EED7
44294C64
0
0
45134512
45134BB7
4513525C
45135901
45135FA6
4513664A
44AA594C
4429B761
0
0
44A8E09B
44A8E734
44A8EDCA
44A8F463
44A8FAFA
44A90191
44606B28
43DFA99E
0
0
4426E80E
4426EE9E
4426F52E
4426FBC0
44270250
442708E0
43DDE094
435D62E1
0
0
0
0
0
0
0
0
0
0
0
0
0
0
0
0
0
0
0
0
0
0
0
0
0
0
0
0
0
0
0
0
0
0
0
0
0
0
0
0
0
0
0
0
0
0
0
0
0
0
0
0
0
0
0
0
0
0
0
0
0
0
0
0
0
0
0
0
0
0
0
0
0
0
0
0
0
0
0
0
0
0
0
0
0
0
0
0
0
0
0
0
0
0
0
0
0
0
0
0
0
0
0
0
0
0
0
0
0
0
0
0
0
0
0
0
0
0
0
0
0
0
45B961BE
45B96BB5
45B975AA
45B97F9E
45B98994
45B9938A
45432149
44C2E2A7
0
0
45BA0112
45BA0B08
45BA14FC
45BA1EF2
45BA28E6
45BA32DC
45439D4A
44C35EED
0
0
4542EC01
4542F3B8
4542FB72
4543032A
45430AE0
4543129A
4501D845
4481B9BE
0
0
44C22380
44C22B34
44C232E9
44C23A9E
44C24252
44C24A06
44815D9A
4401606C
0
0
0
0
0
0
0
0
0
0
0
0
0
0
0
0
0
0
0
0
0
0
0
0
0
0
0
0
0
0
0
0
0
0
0
0
0
0
0
0
0
0
0
0
0
0
0
0
0
0
0
0
0
0
0
0
0
0
0
0
0
0
0
0
0
0
0
0
0
0
0
0
0
0
0
0
0
0
0
0
0
0
0
0
0
0
0
0
0
0
0
0
0
0
0
0
0
0
0
0
0
0
0
0
0
0
0
0
0
0
0
0
0
0
0
0
0
0
0
0
0
0
4614AB0F
4614B35A
4614BBA6
4614C3F2
4614CC3E
4614D48A
4598A593
45188F8E
0
0
46152FCE
46153819
46154066
461548B2
461550FE
46155949
459906F7
4518F114
0
0
4598B3DA
4598B9EC
4598BFFE
4598C610
4598CC23
4598D236
454B95C0
44CB8916
0
0
4518697C
45186F8D
4518759E
45187BAE
451881BF
451887CF
44CB4310
444B681E
0
0
0
0
0
0
0
0
0
0
0
0
0
0
0
0
0
0
0
0
0
0
0
0
0
0
0
0
0
0
0
0
0
0
0
0
0
0
0
0
0
0
0
0
0
0
0
0
0
0
0
0
0
0
0
0
0
0
0
0
0
0
0
0
0
0
0
0
0
0
0
0
0
0
0
0
0
0
0
0
0
0
0
0
0
0
0
0
0
0
0
0
0
0
0
0
0
0
0
0
0
0
0
0
0
0
0
0
0
0
0
0
0
0
0
0
0
0
0
0
0
0
464CA53E
464CB0DB
464CBC78
464CC816
464CD3B2
464CDF50
45CFBA81
454FADC8
0
0
464D5F12
464D6AAF
464D764D
464D81EB
464D8D88
464D9925
45D03F49
455032B3
0
0
45CFF1B4
45CFF9FC
45D00244
45D00A8C
45D012D6
45D01B1E
458AA99E
450AAC36
0
0
454FC139
454FC980
454FD1C7
454FDA0C
454FE254
454FEA9A
450A9442
448AB7E9
0
0
0
0
0
0
0
0
0
0
0
0
0
0
0
0
0
0
0
0
0
0
0
0
0
0
0
0
0
0
0
0
0
0
0
0
0
0
0
0
0
0
0
0
0
0
0
0
0
0
0
0
0
0
0
0
0
0
0
0
0
0
0
0
0
0
0
0
0
0
0
0
0
0
0
0
0
0
0
0
0
0
0
0
0
0
0
0
0
0
0
0
0
0
0
0
0
0
0
0
0
0
0
0
0
0
0
0
0
0
0
0
0
0
0
0
0
0
0
0
0
0
46824FB6
4682572E
46825EA5
4682661C
46826D94
4682750B
460367B7
45836602
0
0
4682C72C
4682CEA2
4682D61A
4682DD92
4682E508
4682EC80
4603BBCE
4583BA29
0
0
460397C6
46039D06
4603A246
4603A784
4603ACC4
4603B204
45AF885C
452F93E2
0
0
45838C7B
458391BA
458396F8
45839C36
4583A175
4583A6B4
452F86FD
44AFBBC3
0
0
0
0
0
0
0
0
0
0
0
0
0
0
0
0
0
0
0
0
0
0
0
0
0
0
0
0
0
0
0
0
0
0
0
0
0
0
0
0
0
0
0
0
0
0
0
0
0
0
0
0
0
0
0
0
0
0
0
0
0
0
0
0
0
0
0
0
0
0
0
0
0
0
0
0
0
0
0
0
0
0
0
0
0
0
0
0
0
0
0
0
0
0
0
0
0
0
0
0
0
0
0
0
0
0
0
0
0
0
0
0
0
0
0
0
0
0
0
0
0
0
469E4CCE
469E55EE
469E5F0E
469E682E
469E714E
469E7A6E
461EF22F
459EF51F
0
0
469EDECD
469EE7EE
469EF10E
469EFA2E
469F034E
469F0C6E
461F57F6
459F5AF7
0
0
461F36B3
461F3D0E
461F4368
461F49C2
461F501C
461F5678
45D46718
45547B8C
0
0
459F3859
459F3EB2
459F450C
459F4B66
459F51C0
459F5819
455479B8
44D4BF9C
0
0
0
0
0
0
0
0
0
0
0
0
0
0
0
0
0
0
0
0
0
0
0
0
0
0
0
0
0
0
0
0
0
0
0
0
0
0
0
0
0
0
0
0
0
0
0
0
0
0
0
0
0
0
0
0
0
0
0
0
0
0
0
0
0
0
0
0
0
0
0
0
0
0
0
0
0
0
0
0
0
0
0
0
0
0
0
0
0
0
0
0
0
0
0
0
0
0
0
0
0
0
0
0
0
0
0
0
0
0
0
0
0
0
0
0
0
0
0
0
0
0
46BA49E5
46BA54AE
46BA5F76
46BA6A3F
46BA7508
46BA7FD0
463A7CA6
45BA843C
0
0
46BAF670
46BB0139
46BB0C01
46BB16CA
46BB2193
46BB2C5B
463AF41F
45BAFBC7
0
0
463AD59F
463ADD14
463AE48B
463AEC02
463AF376
463AFAEC
45F945D7
45796338
0
0
45BAE438
45BAEBAC
45BAF320
45BAFA96
45BB020A
45BB097F
45796C72
44F9C377
0
0
0
0
0
0
0
0
0
0
0
0
0
0
0
0
0
0
0
0
0
0
0
0
0
0
0
0
0
0
0
0
0
0
0
0
0
0
0
0
0
0
0
0
0
0
0
0
0
0
0
0
0
0
0
0
0
0
0
0
0
0
0
0
0
0
0
0
0
0
0
0
0
0
0
0
0
0
0
0
0
0
0
0
0
0
0
0
0
0
0
0
0
0
0
0
0
0
0
0
0
0
0
0
0
0
0
0
0
0
0
0
0
0
0
0
0
0
0
0
0
0
46D646FD
46D6536E
46D65FE0
46D66C51
46D678C2
46D68533
4656071D
45D61359
0
0
46D70E12
46D71A83
46D726F5
46D73366
46D73FD8
46D74C48
46569048
45D69C96
0
0
4656748D
46567D1E
465685AE
46568E3E
465696D0
46569F61
460F124A
458F2572
0
0
45D69015
45D698A6
45D6A136
45D6A9C5
45D6B254
45D6BAE5
458F2F96
450F63A8
0
0
0
0
0
0
0
0
0
0
0
0
0
0
0
0
0
0
0
0
0
0
0
0
0
0
0
0
0
0
0
0
0
0
0
0
0
0
0
0
0
0
0
0
0
0
0
0
0
0
0
0
0
0
0
0
0
0
0
0
0
0
0
0
0
0
0
0
0
0
0
0
0
0
0
0
0
0
0
0
0
0
0
0
0
0
0
0
0
0
0
0
0
0
0
0
0
0
0
0
0
0
0
0
0
0
0
0
0
0
0
0
0
0
0
0
0
0
0
0
0
0
