46B870DC
46B87931
46B88187
46B889DD
46B89232
46B89A89
45406F81
45408069
46B8F635
46B8FE8D
46B906E1
46B90F38
46B9178C
46B91FE1
45417E0B
45418EF4
4653F4A3
4653FCE4
46540528
46540D6A
465415AC
46541DEF
411BD70A
411C28F6
45D17BC2
45D183FB
45D18C35
45D1946E
45D19CA6
45D1A4E1
4120F5C3
412147AE
0
0
0
0
0
0
0
0
0
0
0
0
0
0
0
0
0
0
0
0
0
0
0
0
0
0
0
0
0
0
0
0
0
0
0
0
0
0
0
0
0
0
0
0
0
0
0
0
0
0
0
0
0
0
0
0
0
0
0
0
0
0
0
0
0
0
0
0
0
0
0
0
0
0
0
0
0
0
0
0
0
0
0
0
0
0
0
0
0
0
0
0
0
0
0
0
47688D6C
476899E2
4768A658
4768B2CF
4768BF44
4768CBBA
46448803
46449CD2
476954CF
47696144
47696DBC
47697A32
476986A5
4769931D
4645D512
4645E9E2
46F4574A
46F460F6
46F46A9E
46F47446
46F47DF0
46F48797
419FD70A
41A00000
46735B94
46736538
46736EDC
46737880
46738224
46738BC8
41A26666
41A28F5C
0
0
0
0
0
0
0
0
0
0
0
0
0
0
0
0
0
0
0
0
0
0
0
0
0
0
0
0
0
0
0
0
0
0
0
0
0
0
0
0
0
0
0
0
0
0
0
0
0
0
0
0
0
0
0
0
0
0
0
0
0
0
0
0
0
0
0
0
0
0
0
0
0
0
0
0
0
0
0
0
0
0
0
0
0
0
0
0
0
0
0
0
0
0
0
0
47BA7134
47BA7B95
47BA85F7
47BA9057
47BA9AB7
47BAA519
46AC7A12
46AC8CC6
47BB1740
47BB21A3
47BB2C04
47BB3662
47BB40C4
47BB4B24
46ADA54F
46ADB804
473F5A24
473F61BB
473F6954
473F70EC
473F7885
473F801B
41F1C28F
41F1EB85
46BEFCA2
46BF0439
46BF0BD0
46BF1364
46BF1AFA
46BF2290
41F451EC
41F47AE1
0
0
0
0
0
0
0
0
0
0
0
0
0
0
0
0
0
0
0
0
0
0
0
0
0
0
0
0
0
0
0
0
0
0
0
0
0
0
0
0
0
0
0
0
0
0
0
0
0
0
0
0
0
0
0
0
0
0
0
0
0
0
0
0
0
0
0
0
0
0
0
0
0
0
0
0
0
0
0
0
0
0
0
0
0
0
0
0
0
0
0
0
0
0
0
0
48004DD9
4800551C
48005C60
480063A4
48006AE7
4800722A
46F6B024
46F6CB23
4800C20F
4800C951
4800D094
4800D7D8
4800DF1A
4800E65D
46F86016
46F87B16
47824450
4782497E
47824EAD
478253DA
47825909
47825E36
4221D70A
4221EB85
470225BE
47022AEB
47023018
47023544
47023A71
47023F9E
42231EB8
42233333
0
0
0
0
0
0
0
0
0
0
0
0
0
0
0
0
0
0
0
0
0
0
0
0
0
0
0
0
0
0
0
0
0
0
0
0
0
0
0
0
0
0
0
0
0
0
0
0
0
0
0
0
0
0
0
0
0
0
0
0
0
0
0
0
0
0
0
0
0
0
0
0
0
0
0
0
0
0
0
0
0
0
0
0
0
0
0
0
0
0
0
0
0
0
0
0
48236319
48236C6E
482375C6
48237F1C
48238872
482391C8
4720731B
472084C0
4823F87A
482401D0
48240B28
4824147E
48241DD2
48242729
47218D6E
47219F14
47A4DB8F
47A4E21F
47A4E8AF
47A4EF3E
47A4F5CF
47A4FC5E
424ACCCD
424AE148
4724CD2A
4724D3B9
4724DA48
4724E0D6
4724E765
4724EDF4
424C147B
424C28F6
0
0
0
0
0
0
0
0
0
0
0
0
0
0
0
0
0
0
0
0
0
0
0
0
0
0
0
0
0
0
0
0
0
0
0
0
0
0
0
0
0
0
0
0
0
0
0
0
0
0
0
0
0
0
0
0
0
0
0
0
0
0
0
0
0
0
0
0
0
0
0
0
0
0
0
0
0
0
0
0
0
0
0
0
0
0
0
0
0
0
0
0
0
0
0
0
4846785B
484683C2
48468F2C
48469A95
4846A5FE
4846B166
47458E23
4745A3EF
48472EE6
48473A4F
484745B9
48475123
48475C8A
484767F5
4746EAD2
4747009B
47C772CE
47C77AC0
47C782B0
47C78AA3
47C79294
47C79A87
4273C28F
4273D70A
47477496
47477C88
47478478
47478C69
4747945A
47479C4A
42750A3D
42751EB8
0
0
0
0
0
0
0
0
0
0
0
0
0
0
0
0
0
0
0
0
0
0
0
0
0
0
0
0
0
0
0
0
0
0
0
0
0
0
0
0
0
0
0
0
0
0
0
0
0
0
0
0
0
0
0
0
0
0
0
0
0
0
0
0
0
0
0
0
0
0
0
0
0
0
0
0
0
0
0
0
0
0
0
0
0
0
0
0
0
0
0
0
0
0
0
0
48698D99
48699B13
4869A890
4869B60D
4869C386
4869D102
476AA92B
476AC31D
486A6554
486A72CE
486A804C
486A8DC8
486A9B45
486AA8BF
476C4836
476C6226
47EA0A0B
47EA1361
47EA1CB5
47EA2607
47EA2F5A
47EA38B0
428E5C29
428E6666
476A1C03
476A2556
476A2EA8
476A37FB
476A414E
476A4AA0
428F0000
428F0A3D
0
0
0
0
0
0
0
0
0
0
0
0
0
0
0
0
0
0
0
0
0
0
0
0
0
0
0
0
0
0
0
0
0
0
0
0
0
0
0
0
0
0
0
0
0
0
0
0
0
0
0
0
0
0
0
0
0
0
0
0
0
0
0
0
0
0
0
0
0
0
0
0
0
0
0
0
0
0
0
0
0
0
0
0
0
0
0
0
0
0
0
0
0
0
0
0
4886516C
48865933
488660FB
488668C2
48867089
48867851
4787E21A
4787F125
4886CDE1
4886D5A8
4886DD70
4886E536
4886ECFE
4886F4C5
4788D2CC
4788E1D8
480650A5
48065600
48065B5B
480660B6
48066611
48066B6B
42A2D70A
42A2E148
478661B8
47866712
47866C6D
478671C7
47867720
47867C7B
42A37AE1
42A3851F
0
0
0
0
0
0
0
0
0
0
0
0
0
0
0
0
0
0
0
0
0
0
0
0
0
0
0
0
0
0
0
0
0
0
0
0
0
0
0
0
0
0
0
0
0
0
0
0
0
0
0
0
0
0
0
0
0
0
0
0
0
0
0
0
0
0
0
0
0
0
0
0
0
0
0
0
0
0
0
0
0
0
0
0
0
0
0
0
0
0
0
0
0
0
0
0
