479A6F9E
479A80BD
479A91DA
479AA2F9
479AB416
479AC535
479AD652
479AE770
479B817E
479B929C
479BA3BB
479BB4D9
479BC5F7
479BD716
479BE833
479BF950
42B751EC
42B75C29
42B76666
42B770A4
42B77AE1
42B7851F
42B78F5C
42B7999A
42B7F5C3
42B80000
42B80A3D
42B8147B
42B81EB8
42B828F6
42B83333
42B83D71
0
0
0
0
0
0
0
0
0
0
0
0
0
0
0
0
0
0
0
0
0
0
0
0
0
0
0
0
0
0
0
0
0
0
0
0
0
0
0
0
0
0
0
0
0
0
0
0
0
0
0
0
0
0
0
0
0
0
0
0
0
0
0
0
0
0
0
0
0
0
0
0
0
0
0
0
0
0
0
0
0
0
0
0
0
0
0
0
0
0
0
0
0
0
0
0
47ACFD23
47AD1054
47AD2385
47AD36B6
47AD49E6
47AD5D17
47AD7048
47AD837A
47AE302F
47AE4361
47AE5692
47AE69C2
47AE7CF5
47AE9025
47AEA356
47AEB687
42CBCCCD
42CBD70A
42CBE148
42CBEB85
42CBF5C3
42CC0000
42CC0A3D
42CC147B
42CC70A4
42CC7AE1
42CC851F
42CC8F5C
42CC999A
42CCA3D7
42CCAE14
42CCB852
0
0
0
0
0
0
0
0
0
0
0
0
0
0
0
0
0
0
0
0
0
0
0
0
0
0
0
0
0
0
0
0
0
0
0
0
0
0
0
0
0
0
0
0
0
0
0
0
0
0
0
0
0
0
0
0
0
0
0
0
0
0
0
0
0
0
0
0
0
0
0
0
0
0
0
0
0
0
0
0
0
0
0
0
0
0
0
0
0
0
0
0
0
0
0
0
47BF8AA7
47BF9FEC
47BFB52F
47BFCA72
47BFDFB5
47BFF4FA
47C00A3E
47C01F80
47C0DEE3
47C0F425
47C10969
47C11EAE
47C133F1
47C14934
47C15E78
47C173BC
42E047AE
42E051EC
42E05C29
42E06666
42E070A4
42E07AE1
42E0851F
42E08F5C
42E0EB85
42E0F5C3
42E10000
42E10A3D
42E1147B
42E11EB8
42E128F6
42E13333
0
0
0
0
0
0
0
0
0
0
0
0
0
0
0
0
0
0
0
0
0
0
0
0
0
0
0
0
0
0
0
0
0
0
0
0
0
0
0
0
0
0
0
0
0
0
0
0
0
0
0
0
0
0
0
0
0
0
0
0
0
0
0
0
0
0
0
0
0
0
0
0
0
0
0
0
0
0
0
0
0
0
0
0
0
0
0
0
0
0
0
0
0
0
0
0
47D2182B
47D22F82
47D246D9
47D25E2E
47D27584
47D28CDA
47D2A433
47D2BB89
47D38D94
47D3A4EA
47D3BC41
47D3D398
47D3EAEE
47D40245
47D4199B
47D430F1
42F4C28F
42F4CCCD
42F4D70A
42F4E148
42F4EB85
42F4F5C3
42F50000
42F50A3D
42F56666
42F570A4
42F57AE1
42F5851F
42F58F5C
42F5999A
42F5A3D7
42F5AE14
0
0
0
0
0
0
0
0
0
0
0
0
0
0
0
0
0
0
0
0
0
0
0
0
0
0
0
0
0
0
0
0
0
0
0
0
0
0
0
0
0
0
0
0
0
0
0
0
0
0
0
0
0
0
0
0
0
0
0
0
0
0
0
0
0
0
0
0
0
0
0
0
0
0
0
0
0
0
0
0
0
0
0
0
0
0
0
0
0
0
0
0
0
0
0
0
47E4A5AF
47E4BF19
47E4D883
47E4F1ED
47E50B54
47E524BF
47E53E27
47E55791
47E63C46
47E655B0
47E66F17
47E68882
47E6A1EA
47E6BB56
47E6D4BE
47E6EE27
43049EB8
4304A3D7
4304A8F6
4304AE14
4304B333
4304B852
4304BD71
4304C28F
4304F0A4
4304F5C3
4304FAE1
43050000
4305051F
43050A3D
43050F5C
4305147B
0
0
0
0
0
0
0
0
0
0
0
0
0
0
0
0
0
0
0
0
0
0
0
0
0
0
0
0
0
0
0
0
0
0
0
0
0
0
0
0
0
0
0
0
0
0
0
0
0
0
0
0
0
0
0
0
0
0
0
0
0
0
0
0
0
0
0
0
0
0
0
0
0
0
0
0
0
0
0
0
0
0
0
0
0
0
0
0
0
0
0
0
0
0
0
0
47F73334
47F74EB0
47F76A2D
47F785A9
47F7A126
47F7BCA0
47F7D81D
47F7F399
47F8EAF8
47F90674
47F921F0
47F93D6C
47F958E8
47F97463
47F98FE1
47F9AB5E
430EDC29
430EE148
430EE666
430EEB85
430EF0A4
430EF5C3
430EFAE1
430F0000
430F2E14
430F3333
430F3852
430F3D71
430F428F
430F47AE
430F4CCD
430F51EC
0
0
0
0
0
0
0
0
0
0
0
0
0
0
0
0
0
0
0
0
0
0
0
0
0
0
0
0
0
0
0
0
0
0
0
0
0
0
0
0
0
0
0
0
0
0
0
0
0
0
0
0
0
0
0
0
0
0
0
0
0
0
0
0
0
0
0
0
0
0
0
0
0
0
0
0
0
0
0
0
0
0
0
0
0
0
0
0
0
0
0
0
0
0
0
0
4804E05C
4804EF24
4804FDEB
48050CB2
48051B7B
48052A41
4805390A
480547D1
4805CCD5
4805DB9B
4805EA64
4805F92C
480607F2
480616BA
48062581
48063449
4319199A
43191EB8
431923D7
431928F6
43192E14
43193333
43193852
43193D71
43196B85
431970A4
431975C3
43197AE1
43198000
4319851F
43198A3D
43198F5C
0
0
0
0
0
0
0
0
0
0
0
0
0
0
0
0
0
0
0
0
0
0
0
0
0
0
0
0
0
0
0
0
0
0
0
0
0
0
0
0
0
0
0
0
0
0
0
0
0
0
0
0
0
0
0
0
0
0
0
0
0
0
0
0
0
0
0
0
0
0
0
0
0
0
0
0
0
0
0
0
0
0
0
0
0
0
0
0
0
0
0
0
0
0
0
0
480E271D
480E36EF
480E46C0
480E5690
480E6662
480E7634
480E8604
480E95D5
480F242D
480F33FF
480F43CF
480F53A0
480F6371
480F7343
480F8313
480F92E4
4323570A
43235C29
43236148
43236666
43236B85
432370A4
432375C3
43237AE1
4323A8F6
4323AE14
4323B333
4323B852
4323BD71
4323C28F
4323C7AE
4323CCCD
0
0
0
0
0
0
0
0
0
0
0
0
0
0
0
0
0
0
0
0
0
0
0
0
0
0
0
0
0
0
0
0
0
0
0
0
0
0
0
0
0
0
0
0
0
0
0
0
0
0
0
0
0
0
0
0
0
0
0
0
0
0
0
0
0
0
0
0
0
0
0
0
0
0
0
0
0
0
0
0
0
0
0
0
0
0
0
0
0
0
0
0
0
0
0
0
