46B8A2DE
46B8AB33
46B8B388
46B8BBDE
46B8C433
46B8CC8A
4540D4F4
4540E5DD
46B92838
46B9308E
46B938E2
46B94139
46B9498E
46B951E3
4541E37E
4541F468
46542632
46542E74
465436B7
46543EF8
4654473A
46544F7C
411DC28F
411E147B
45D1AD1A
45D1B554
45D1BD8D
45D1C5C6
45D1CE00
45D1D639
4122E148
41233333
0
0
0
0
0
0
0
0
0
0
0
0
0
0
0
0
0
0
0
0
0
0
0
0
0
0
0
0
0
0
0
0
0
0
0
0
0
0
0
0
0
0
0
0
0
0
0
0
0
0
0
0
0
0
0
0
0
0
0
0
0
0
0
0
0
0
0
0
0
0
0
0
0
0
0
0
0
0
0
0
0
0
0
0
0
0
0
0
0
0
0
0
0
0
0
0
4768D831
4768E4A5
4768F11C
4768FD94
47690A0A
47691681
464504E7
464519B8
47699F94
4769AC0A
4769B882
4769C4F6
4769D16C
4769DDE1
464651F7
464666C7
46F49140
46F49AEA
46F4A492
46F4AE3A
46F4B7E4
46F4C18C
41A0CCCD
41A0F5C3
4673956D
46739F10
4673A8B5
4673B258
4673BBFE
4673C5A2
41A35C29
41A3851F
0
0
0
0
0
0
0
0
0
0
0
0
0
0
0
0
0
0
0
0
0
0
0
0
0
0
0
0
0
0
0
0
0
0
0
0
0
0
0
0
0
0
0
0
0
0
0
0
0
0
0
0
0
0
0
0
0
0
0
0
0
0
0
0
0
0
0
0
0
0
0
0
0
0
0
0
0
0
0
0
0
0
0
0
0
0
0
0
0
0
0
0
0
0
0
0
47BAAF78
47BAB9DB
47BAC43B
47BACE9B
47BAD8FC
47BAE35C
46ACEA4A
46ACFCFD
47BB5586
47BB5FE6
47BB6A47
47BB74A8
47BB7F08
47BB896B
46AE1587
46AE283B
473F87B5
473F8F4C
473F96E5
473F9E7E
473FA615
473FADAD
41F2B852
41F2E148
46BF2A26
46BF31BC
46BF3952
46BF40E8
46BF487E
46BF5013
41F547AE
41F570A4
0
0
0
0
0
0
0
0
0
0
0
0
0
0
0
0
0
0
0
0
0
0
0
0
0
0
0
0
0
0
0
0
0
0
0
0
0
0
0
0
0
0
0
0
0
0
0
0
0
0
0
0
0
0
0
0
0
0
0
0
0
0
0
0
0
0
0
0
0
0
0
0
0
0
0
0
0
0
0
0
0
0
0
0
0
0
0
0
0
0
0
0
0
0
0
0
4800796E
480080B1
480087F4
48008F37
4800967A
48009DBD
46F7521E
46F76D1E
4800EDA1
4800F4E4
4800FC27
4801036B
48010AAE
480111F1
46F90211
46F91D11
47826364
47826893
47826DC1
478272EE
4782781D
47827D4A
422251EC
42226666
470244CA
470249F8
47024F24
47025451
4702597E
47025EAC
4223999A
4223AE14
0
0
0
0
0
0
0
0
0
0
0
0
0
0
0
0
0
0
0
0
0
0
0
0
0
0
0
0
0
0
0
0
0
0
0
0
0
0
0
0
0
0
0
0
0
0
0
0
0
0
0
0
0
0
0
0
0
0
0
0
0
0
0
0
0
0
0
0
0
0
0
0
0
0
0
0
0
0
0
0
0
0
0
0
0
0
0
0
0
0
0
0
0
0
0
0
48239B1E
4823A473
4823ADCA
4823B721
4823C076
4823C9CC
4720DCFA
4720EE9F
4824307E
482439D5
4824432C
48244C81
482455D7
48245F2D
4721F74F
472208F4
47A502EF
47A5097E
47A5100F
47A5169E
47A51D2E
47A523BD
424B47AE
424B5C29
4724F483
4724FB12
472501A0
47250830
47250EBE
4725154C
424C8F5C
424CA3D7
0
0
0
0
0
0
0
0
0
0
0
0
0
0
0
0
0
0
0
0
0
0
0
0
0
0
0
0
0
0
0
0
0
0
0
0
0
0
0
0
0
0
0
0
0
0
0
0
0
0
0
0
0
0
0
0
0
0
0
0
0
0
0
0
0
0
0
0
0
0
0
0
0
0
0
0
0
0
0
0
0
0
0
0
0
0
0
0
0
0
0
0
0
0
0
0
4846BCCF
4846C837
4846D3A0
4846DF08
4846EA72
4846F5DB
474610E6
474626AF
4847735E
48477EC6
48478A2E
48479597
4847A100
4847AC69
47476D94
4747835F
47C7A278
47C7AA6A
47C7B25C
47C7BA4E
47C7C240
47C7CA30
42743D71
427451EC
4747A43B
4747AC2A
4747B41C
4747BC0C
4747C3FE
4747CBEE
4275851F
4275999A
0
0
0
0
0
0
0
0
0
0
0
0
0
0
0
0
0
0
0
0
0
0
0
0
0
0
0
0
0
0
0
0
0
0
0
0
0
0
0
0
0
0
0
0
0
0
0
0
0
0
0
0
0
0
0
0
0
0
0
0
0
0
0
0
0
0
0
0
0
0
0
0
0
0
0
0
0
0
0
0
0
0
0
0
0
0
0
0
0
0
0
0
0
0
0
0
4869DE7D
4869EBFD
4869F976
486A06F2
486A146E
486A21E9
476B44CF
476B5EC1
486AB63B
486AC3B6
486AD133
486ADEAF
486AEC2C
486AF9A5
476CE3DA
476CFDCA
47EA4201
47EA4B56
47EA54A9
47EA5DFE
47EA6751
47EA70A4
428E999A
428EA3D7
476A53F3
476A5D44
476A6698
476A6FE9
476A793C
476A8290
428F3D71
428F47AE
0
0
0
0
0
0
0
0
0
0
0
0
0
0
0
0
0
0
0
0
0
0
0
0
0
0
0
0
0
0
0
0
0
0
0
0
0
0
0
0
0
0
0
0
0
0
0
0
0
0
0
0
0
0
0
0
0
0
0
0
0
0
0
0
0
0
0
0
0
0
0
0
0
0
0
0
0
0
0
0
0
0
0
0
0
0
0
0
0
0
0
0
0
0
0
0
48868018
488687E0
48868FA6
4886976D
48869F34
4886A6FC
47883C5D
47884B68
4886FC8D
48870454
48870C1B
488713E2
48871BA8
48872371
47892D0F
47893C1B
480670C6
48067621
48067B7C
480680D7
48068632
48068B8C
42A3147B
42A31EB8
478681D6
47868730
47868C89
478691E4
4786973E
47869C98
42A3B852
42A3C28F
0
0
0
0
0
0
0
0
0
0
0
0
0
0
0
0
0
0
0
0
0
0
0
0
0
0
0
0
0
0
0
0
0
0
0
0
0
0
0
0
0
0
0
0
0
0
0
0
0
0
0
0
0
0
0
0
0
0
0
0
0
0
0
0
0
0
0
0
0
0
0
0
0
0
0
0
0
0
0
0
0
0
0
0
0
0
0
0
0
0
0
0
0
0
0
0
