4897DC0B
4897E4DD
4897EDAD
4897F67D
4897FF4F
4898081F
479A6F9E
479A80BD
48986917
489871E9
48987AB9
4898838A
48988C59
4898952C
479B817E
479B929C
48179C45
4817A251
4817A85C
4817AE68
4817B473
4817BA80
42B751EC
42B75C29
4797B56E
4797BB7A
4797C185
4797C790
4797CD9B
4797D3A6
42B7F5C3
42B80000
0
0
0
0
0
0
0
0
0
0
0
0
0
0
0
0
0
0
0
0
0
0
0
0
0
0
0
0
0
0
0
0
0
0
0
0
0
0
0
0
0
0
0
0
0
0
0
0
0
0
0
0
0
0
0
0
0
0
0
0
0
0
0
0
0
0
0
0
0
0
0
0
0
0
0
0
0
0
0
0
0
0
0
0
0
0
0
0
0
0
0
0
0
0
0
0
48A966AB
48A97086
48A97A61
48A98439
48A98E13
48A997EE
47ACFD23
47AD1054
48AA044F
48AA0E28
48AA1801
48AA21DC
48AA2BB6
48AA3590
47AE302F
47AE4361
4828E7E4
4828EEA0
4828F55E
4828FC1A
482902D7
48290993
42CBCCCD
42CBD70A
47A90924
47A90FE2
47A9169C
47A91D59
47A92415
47A92AD1
42CC70A4
42CC7AE1
0
0
0
0
0
0
0
0
0
0
0
0
0
0
0
0
0
0
0
0
0
0
0
0
0
0
0
0
0
0
0
0
0
0
0
0
0
0
0
0
0
0
0
0
0
0
0
0
0
0
0
0
0
0
0
0
0
0
0
0
0
0
0
0
0
0
0
0
0
0
0
0
0
0
0
0
0
0
0
0
0
0
0
0
0
0
0
0
0
0
0
0
0
0
0
0
48BAF14C
48BAFC30
48BB0712
48BB11F6
48BB1CD9
48BB27BE
47BF8AA7
47BF9FEC
48BB9F83
48BBAA67
48BBB54E
48BBC030
48BBCB12
48BBD5F7
47C0DEE3
47C0F425
483A3383
483A3AF2
483A425F
483A49CC
483A513C
483A58A8
42E047AE
42E051EC
47BA5CDC
47BA6448
47BA6BB4
47BA7322
47BA7A8F
47BA81FC
42E0EB85
42E0F5C3
0
0
0
0
0
0
0
0
0
0
0
0
0
0
0
0
0
0
0
0
0
0
0
0
0
0
0
0
0
0
0
0
0
0
0
0
0
0
0
0
0
0
0
0
0
0
0
0
0
0
0
0
0
0
0
0
0
0
0
0
0
0
0
0
0
0
0
0
0
0
0
0
0
0
0
0
0
0
0
0
0
0
0
0
0
0
0
0
0
0
0
0
0
0
0
0
48CC7BEB
48CC87D7
48CC93C4
48CC9FB1
48CCAB9F
48CCB78D
47D2182B
47D22F82
48CD3ABA
48CD46A8
48CD5294
48CD5E82
48CD6A6E
48CD765C
47D38D94
47D3A4EA
484B7F24
484B8742
484B8F60
484B977F
484B9F9C
484BA7BC
42F4C28F
42F4CCCD
47CBB091
47CBB8AE
47CBC0CC
47CBC8EB
47CBD109
47CBD928
42F56666
42F570A4
0
0
0
0
0
0
0
0
0
0
0
0
0
0
0
0
0
0
0
0
0
0
0
0
0
0
0
0
0
0
0
0
0
0
0
0
0
0
0
0
0
0
0
0
0
0
0
0
0
0
0
0
0
0
0
0
0
0
0
0
0
0
0
0
0
0
0
0
0
0
0
0
0
0
0
0
0
0
0
0
0
0
0
0
0
0
0
0
0
0
0
0
0
0
0
0
48DE068B
48DE1382
48DE2079
48DE2D6F
48DE3A65
48DE475C
47E4A5AF
47E4BF19
48DED5F0
48DEE2E8
48DEEFDF
48DEFCD5
48DF09CA
48DF16C2
47E63C46
47E655B0
485CCAC3
485CD393
485CDC61
485CE530
485CEE00
485CF6D0
43049EB8
4304A3D7
47DD0447
47DD0D16
47DD15E4
47DD1EB6
47DD2783
47DD3052
4304F0A4
4304F5C3
0
0
0
0
0
0
0
0
0
0
0
0
0
0
0
0
0
0
0
0
0
0
0
0
0
0
0
0
0
0
0
0
0
0
0
0
0
0
0
0
0
0
0
0
0
0
0
0
0
0
0
0
0
0
0
0
0
0
0
0
0
0
0
0
0
0
0
0
0
0
0
0
0
0
0
0
0
0
0
0
0
0
0
0
0
0
0
0
0
0
0
0
0
0
0
0
48EF912B
48EF9F2A
48EFAD2A
48EFBB2A
48EFC92B
48EFD72A
47F73334
47F74EB0
48F07128
48F07F29
48F08D26
48F09B26
48F0A927
48F0B725
47F8EAF8
47F90674
486E1660
486E1FE2
486E2963
486E32E2
486E3C63
486E45E4
430EDC29
430EE148
47EE57FF
47EE617E
47EE6AFE
47EE747D
47EE7DFE
47EE877D
430F2E14
430F3333
0
0
0
0
0
0
0
0
0
0
0
0
0
0
0
0
0
0
0
0
0
0
0
0
0
0
0
0
0
0
0
0
0
0
0
0
0
0
0
0
0
0
0
0
0
0
0
0
0
0
0
0
0
0
0
0
0
0
0
0
0
0
0
0
0
0
0
0
0
0
0
0
0
0
0
0
0
0
0
0
0
0
0
0
0
0
0
0
0
0
0
0
0
0
0
0
49008DE5
4900956A
49009CEE
4900A473
4900ABF8
4900B37D
4804E05C
4804EF24
4901062F
49010DB3
49011538
49011CBC
49012441
49012BC6
4805CCD5
4805DB9B
487F6201
487F6C32
487F7663
487F8096
487F8AC7
487F94F7
4319199A
43191EB8
47FFABB3
47FFB5E4
47FFC016
47FFCA46
47FFD478
47FFDEA7
43196B85
431970A4
0
0
0
0
0
0
0
0
0
0
0
0
0
0
0
0
0
0
0
0
0
0
0
0
0
0
0
0
0
0
0
0
0
0
0
0
0
0
0
0
0
0
0
0
0
0
0
0
0
0
0
0
0
0
0
0
0
0
0
0
0
0
0
0
0
0
0
0
0
0
0
0
0
0
0
0
0
0
0
0
0
0
0
0
0
0
0
0
0
0
0
0
0
0
0
0
49095336
49095B3E
49096347
49096B51
4909735A
49097B64
480E271D
480E36EF
4909D3CA
4909DBD4
4909E3DC
4909EBE7
4909F3EF
4909FBF9
480F242D
480F33FF
488856D0
48885C41
488861B2
48886724
48886C94
48887206
4323570A
43235C29
48087FB5
48088525
48088A97
48089008
48089578
48089AE9
4323A8F6
4323AE14
0
0
0
0
0
0
0
0
0
0
0
0
0
0
0
0
0
0
0
0
0
0
0
0
0
0
0
0
0
0
0
0
0
0
0
0
0
0
0
0
0
0
0
0
0
0
0
0
0
0
0
0
0
0
0
0
0
0
0
0
0
0
0
0
0
0
0
0
0
0
0
0
0
0
0
0
0
0
0
0
0
0
0
0
0
0
0
0
0
0
0
0
0
0
0
0
