42B5CCCD
42B5D70A
42B5E148
42B5EB85
42B5F5C3
42B60000
42B60A3D
42B6147B
42B670A4
42B67AE1
42B6851F
42B68F5C
42B6999A
42B6A3D7
42B6AE14
42B6B852
42B7147B
42B71EB8
42B728F6
42B73333
42B73D71
42B747AE
42B751EC
42B75C29
42B7B852
42B7C28F
42B7CCCD
42B7D70A
42B7E148
42B7EB85
42B7F5C3
42B80000
0
0
0
0
0
0
0
0
0
0
0
0
0
0
0
0
0
0
0
0
0
0
0
0
0
0
0
0
0
0
0
0
0
0
0
0
0
0
0
0
0
0
0
0
0
0
0
0
0
0
0
0
0
0
0
0
0
0
0
0
0
0
0
0
0
0
0
0
0
0
0
0
0
0
0
0
0
0
0
0
0
0
0
0
0
0
0
0
0
0
0
0
0
0
0
0
42CA47AE
42CA51EC
42CA5C29
42CA6666
42CA70A4
42CA7AE1
42CA851F
42CA8F5C
42CAEB85
42CAF5C3
42CB0000
42CB0A3D
42CB147B
42CB1EB8
42CB28F6
42CB3333
42CB8F5C
42CB999A
42CBA3D7
42CBAE14
42CBB852
42CBC28F
42CBCCCD
42CBD70A
42CC3333
42CC3D71
42CC47AE
42CC51EC
42CC5C29
42CC6666
42CC70A4
42CC7AE1
0
0
0
0
0
0
0
0
0
0
0
0
0
0
0
0
0
0
0
0
0
0
0
0
0
0
0
0
0
0
0
0
0
0
0
0
0
0
0
0
0
0
0
0
0
0
0
0
0
0
0
0
0
0
0
0
0
0
0
0
0
0
0
0
0
0
0
0
0
0
0
0
0
0
0
0
0
0
0
0
0
0
0
0
0
0
0
0
0
0
0
0
0
0
0
0
42DEC28F
42DECCCD
42DED70A
42DEE148
42DEEB85
42DEF5C3
42DF0000
42DF0A3D
42DF6666
42DF70A4
42DF7AE1
42DF851F
42DF8F5C
42DF999A
42DFA3D7
42DFAE14
42E00A3D
42E0147B
42E01EB8
42E028F6
42E03333
42E03D71
42E047AE
42E051EC
42E0AE14
42E0B852
42E0C28F
42E0CCCD
42E0D70A
42E0E148
42E0EB85
42E0F5C3
0
0
0
0
0
0
0
0
0
0
0
0
0
0
0
0
0
0
0
0
0
0
0
0
0
0
0
0
0
0
0
0
0
0
0
0
0
0
0
0
0
0
0
0
0
0
0
0
0
0
0
0
0
0
0
0
0
0
0
0
0
0
0
0
0
0
0
0
0
0
0
0
0
0
0
0
0
0
0
0
0
0
0
0
0
0
0
0
0
0
0
0
0
0
0
0
42F33D71
42F347AE
42F351EC
42F35C29
42F36666
42F370A4
42F37AE1
42F3851F
42F3E148
42F3EB85
42F3F5C3
42F40000
42F40A3D
42F4147B
42F41EB8
42F428F6
42F4851F
42F48F5C
42F4999A
42F4A3D7
42F4AE14
42F4B852
42F4C28F
42F4CCCD
42F528F6
42F53333
42F53D71
42F547AE
42F551EC
42F55C29
42F56666
42F570A4
0
0
0
0
0
0
0
0
0
0
0
0
0
0
0
0
0
0
0
0
0
0
0
0
0
0
0
0
0
0
0
0
0
0
0
0
0
0
0
0
0
0
0
0
0
0
0
0
0
0
0
0
0
0
0
0
0
0
0
0
0
0
0
0
0
0
0
0
0
0
0
0
0
0
0
0
0
0
0
0
0
0
0
0
0
0
0
0
0
0
0
0
0
0
0
0
4303DC29
4303E148
4303E666
4303EB85
4303F0A4
4303F5C3
4303FAE1
43040000
43042E14
43043333
43043852
43043D71
4304428F
430447AE
43044CCD
430451EC
43048000
4304851F
43048A3D
43048F5C
4304947B
4304999A
43049EB8
4304A3D7
4304D1EC
4304D70A
4304DC29
4304E148
4304E666
4304EB85
4304F0A4
4304F5C3
0
0
0
0
0
0
0
0
0
0
0
0
0
0
0
0
0
0
0
0
0
0
0
0
0
0
0
0
0
0
0
0
0
0
0
0
0
0
0
0
0
0
0
0
0
0
0
0
0
0
0
0
0
0
0
0
0
0
0
0
0
0
0
0
0
0
0
0
0
0
0
0
0
0
0
0
0
0
0
0
0
0
0
0
0
0
0
0
0
0
0
0
0
0
0
0
430E199A
430E1EB8
430E23D7
430E28F6
430E2E14
430E3333
430E3852
430E3D71
430E6B85
430E70A4
430E75C3
430E7AE1
430E8000
430E851F
430E8A3D
430E8F5C
430EBD71
430EC28F
430EC7AE
430ECCCD
430ED1EC
430ED70A
430EDC29
430EE148
430F0F5C
430F147B
430F199A
430F1EB8
430F23D7
430F28F6
430F2E14
430F3333
0
0
0
0
0
0
0
0
0
0
0
0
0
0
0
0
0
0
0
0
0
0
0
0
0
0
0
0
0
0
0
0
0
0
0
0
0
0
0
0
0
0
0
0
0
0
0
0
0
0
0
0
0
0
0
0
0
0
0
0
0
0
0
0
0
0
0
0
0
0
0
0
0
0
0
0
0
0
0
0
0
0
0
0
0
0
0
0
0
0
0
0
0
0
0
0
4318570A
43185C29
43186148
43186666
43186B85
431870A4
431875C3
43187AE1
4318A8F6
4318AE14
4318B333
4318B852
4318BD71
4318C28F
4318C7AE
4318CCCD
4318FAE1
43190000
4319051F
43190A3D
43190F5C
4319147B
4319199A
43191EB8
43194CCD
431951EC
4319570A
43195C29
43196148
43196666
43196B85
431970A4
0
0
0
0
0
0
0
0
0
0
0
0
0
0
0
0
0
0
0
0
0
0
0
0
0
0
0
0
0
0
0
0
0
0
0
0
0
0
0
0
0
0
0
0
0
0
0
0
0
0
0
0
0
0
0
0
0
0
0
0
0
0
0
0
0
0
0
0
0
0
0
0
0
0
0
0
0
0
0
0
0
0
0
0
0
0
0
0
0
0
0
0
0
0
0
0
4322947B
4322999A
43229EB8
4322A3D7
4322A8F6
4322AE14
4322B333
4322B852
4322E666
4322EB85
4322F0A4
4322F5C3
4322FAE1
43230000
4323051F
43230A3D
43233852
43233D71
4323428F
432347AE
43234CCD
432351EC
4323570A
43235C29
43238A3D
43238F5C
4323947B
4323999A
43239EB8
4323A3D7
4323A8F6
4323AE14
0
0
0
0
0
0
0
0
0
0
0
0
0
0
0
0
0
0
0
0
0
0
0
0
0
0
0
0
0
0
0
0
0
0
0
0
0
0
0
0
0
0
0
0
0
0
0
0
0
0
0
0
0
0
0
0
0
0
0
0
0
0
0
0
0
0
0
0
0
0
0
0
0
0
0
0
0
0
0
0
0
0
0
0
0
0
0
0
0
0
0
0
0
0
0
0
