4397C8C7
4397D636
4397E3A5
4397F114
4397FE84
43980BF4
43981963
439826D2
3F6C0831
3F6C8B44
43989FBC
4398AD2C
4398BA9B
4398C80A
4398D579
4398E2E8
4398F058
4398FDC6
3F743958
3F74BC6A
4345C535
4345D68D
4345E7E5
4345F93E
43460A97
43461BEF
43462D48
43463EA0
3F7C6A7F
3F7CED91
42C0B35D
42C0C47C
42C0D59B
42C0E6B9
42C0F7DA
42C108F8
42C11A18
42C12B36
3F824DD3
3F828F5C
0
0
0
0
0
0
0
0
0
0
0
0
0
0
0
0
0
0
0
0
0
0
0
0
0
0
0
0
0
0
0
0
0
0
0
0
0
0
0
0
0
0
0
0
0
0
0
0
0
0
0
0
0
0
0
0
0
0
0
0
0
0
0
0
0
0
0
0
0
0
0
0
0
0
0
0
0
0
0
0
0
0
0
0
0
0
0
0
0
0
0
0
0
0
0
0
0
0
0
0
0
0
0
0
0
0
0
0
0
0
0
0
0
0
0
0
0
0
0
0
449B560E
449B66B0
449B7750
449B87F1
449B9892
449BA934
449BB9D4
449BCA76
3FF91687
3FF95810
449C6022
449C70C2
449C8164
449C9204
449CA2A7
449CB348
449CC3E9
449CD48A
3FFD2F1B
3FFD70A4
444FB4F8
444FCB00
444FE108
444FF70F
44500D18
44502321
44503927
44504F2F
4000A3D7
4000C49C
43CF3F9A
43CF5594
43CF6B8D
43CF8187
43CF9780
43CFAD7A
43CFC373
43CFD96D
4002B021
4002D0E5
0
0
0
0
0
0
0
0
0
0
0
0
0
0
0
0
0
0
0
0
0
0
0
0
0
0
0
0
0
0
0
0
0
0
0
0
0
0
0
0
0
0
0
0
0
0
0
0
0
0
0
0
0
0
0
0
0
0
0
0
0
0
0
0
0
0
0
0
0
0
0
0
0
0
0
0
0
0
0
0
0
0
0
0
0
0
0
0
0
0
0
0
0
0
0
0
0
0
0
0
0
0
0
0
0
0
0
0
0
0
0
0
0
0
0
0
0
0
0
0
45085CF5
45086BE9
45087ADC
450889D0
450898C3
4508A7B6
4508B6A9
4508C59C
403E147B
403E353F
45094C2A
45095B1D
45096A10
45097904
450987F8
450996EA
4509A5DE
4509B4D1
404020C5
40404189
44B6FC51
44B7102D
44B7240A
44B737E8
44B74BC5
44B75FA1
44B7737F
44B7875B
40422D0E
40424DD3
4437292F
44373D04
443750DA
443764AF
44377885
44378C5A
4437A031
4437B406
40443958
40445A1D
0
0
0
0
0
0
0
0
0
0
0
0
0
0
0
0
0
0
0
0
0
0
0
0
0
0
0
0
0
0
0
0
0
0
0
0
0
0
0
0
0
0
0
0
0
0
0
0
0
0
0
0
0
0
0
0
0
0
0
0
0
0
0
0
0
0
0
0
0
0
0
0
0
0
0
0
0
0
0
0
0
0
0
0
0
0
0
0
0
0
0
0
0
0
0
0
0
0
0
0
0
0
0
0
0
0
0
0
0
0
0
0
0
0
0
0
0
0
0
0
45430EE3
45432479
45433A10
45434FA5
4543653A
45437AD1
45439067
4543A5FE
407F9DB2
407FBE77
45446843
45447DD8
4544936F
4544A904
4544BE9B
4544D432
4544E9C6
4544FF5C
4080D4FE
4080E560
45030F12
45031D6E
45032BC9
45033A24
4503487F
450356DA
45036534
45037390
4081DB23
4081EB85
44835948
4483679F
448375F7
4483844E
448392A5
4483A0FD
4483AF54
4483BDAB
4082E148
4082F1AA
0
0
0
0
0
0
0
0
0
0
0
0
0
0
0
0
0
0
0
0
0
0
0
0
0
0
0
0
0
0
0
0
0
0
0
0
0
0
0
0
0
0
0
0
0
0
0
0
0
0
0
0
0
0
0
0
0
0
0
0
0
0
0
0
0
0
0
0
0
0
0
0
0
0
0
0
0
0
0
0
0
0
0
0
0
0
0
0
0
0
0
0
0
0
0
0
0
0
0
0
0
0
0
0
0
0
0
0
0
0
0
0
0
0
0
0
0
0
0
0
457DC0D0
457DDD0C
457DF944
457E157C
457E31B5
457E4DEE
457E6A26
457E865E
40A09375
40A0A3D7
457F845C
457FA096
457FBCCE
457FD907
457FF53F
458008BC
458016D8
458024F4
40A1999A
40A1A9FC
452A9FFE
452AB2C6
452AC58C
452AD854
452AEB1C
452AFDE2
452B10AA
452B2372
40A29FBE
40A2B021
44AB1DF8
44AB30BC
44AB4380
44AB5644
44AB6907
44AB7BCC
44AB8E8F
44ABA152
40A3A5E3
40A3B646
0
0
0
0
0
0
0
0
0
0
0
0
0
0
0
0
0
0
0
0
0
0
0
0
0
0
0
0
0
0
0
0
0
0
0
0
0
0
0
0
0
0
0
0
0
0
0
0
0
0
0
0
0
0
0
0
0
0
0
0
0
0
0
0
0
0
0
0
0
0
0
0
0
0
0
0
0
0
0
0
0
0
0
0
0
0
0
0
0
0
0
0
0
0
0
0
0
0
0
0
0
0
0
0
0
0
0
0
0
0
0
0
0
0
0
0
0
0
0
0
459C3960
459C4ACD
459C5C3B
459C6DA9
459C7F17
459C9084
459CA1F2
459CB360
40C15810
40C16873
459D503B
459D61A8
459D7316
459D8484
459D95F2
459DA75F
459DB8CC
459DCA3A
40C25E35
40C26E98
455230E8
4552481C
45525F50
45527684
45528DB7
4552A4EC
4552BC20
4552D354
40C3645A
40C374BC
44D2E2AA
44D2F9D9
44D3110A
44D3283A
44D33F6A
44D3569A
44D36DCB
44D384FA
40C46A7F
40C47AE1
0
0
0
0
0
0
0
0
0
0
0
0
0
0
0
0
0
0
0
0
0
0
0
0
0
0
0
0
0
0
0
0
0
0
0
0
0
0
0
0
0
0
0
0
0
0
0
0
0
0
0
0
0
0
0
0
0
0
0
0
0
0
0
0
0
0
0
0
0
0
0
0
0
0
0
0
0
0
0
0
0
0
0
0
0
0
0
0
0
0
0
0
0
0
0
0
0
0
0
0
0
0
0
0
0
0
0
0
0
0
0
0
0
0
0
0
0
0
0
0
45B99256
45B9A716
45B9BBD4
45B9D094
45B9E554
45B9FA13
45BA0ED1
45BA2390
40E21CAC
40E22D0E
45BADE48
45BAF306
45BB07C6
45BB1C84
45BB3144
45BB4602
45BB5AC2
45BB6F80
40E322D1
40E33333
4579C1D3
4579DD74
4579F913
457A14B4
457A3054
457A4BF4
457A6794
457A8334
40E428F6
40E43958
44FAA75A
44FAC2F6
44FADE93
44FAFA31
44FB15CC
44FB3169
44FB4D06
44FB68A2
40E52F1B
40E53F7D
0
0
0
0
0
0
0
0
0
0
0
0
0
0
0
0
0
0
0
0
0
0
0
0
0
0
0
0
0
0
0
0
0
0
0
0
0
0
0
0
0
0
0
0
0
0
0
0
0
0
0
0
0
0
0
0
0
0
0
0
0
0
0
0
0
0
0
0
0
0
0
0
0
0
0
0
0
0
0
0
0
0
0
0
0
0
0
0
0
0
0
0
0
0
0
0
0
0
0
0
0
0
0
0
0
0
0
0
0
0
0
0
0
0
0
0
0
0
0
0
45D6EB4D
45D7035F
45D71B6E
45D73380
45D74B8E
45D7639F
45D77BB0
45D793C0
410170A4
410178D5
45D86C53
45D88465
45D89C76
45D8B486
45D8CC96
45D8E4A6
45D8FCB6
45D914C8
4101F3B6
4101FBE7
4590A95F
4590B966
4590C96B
4590D972
4590E978
4590F97E
45910985
4591198B
410276C9
41027EFA
45113605
4511460A
4511560E
45116613
45117617
4511861C
45119621
4511A625
4102F9DB
4103020C
0
0
0
0
0
0
0
0
0
0
0
0
0
0
0
0
0
0
0
0
0
0
0
0
0
0
0
0
0
0
0
0
0
0
0
0
0
0
0
0
0
0
0
0
0
0
0
0
0
0
0
0
0
0
0
0
0
0
0
0
0
0
0
0
0
0
0
0
0
0
0
0
0
0
0
0
0
0
0
0
0
0
0
0
0
0
0
0
0
0
0
0
0
0
0
0
0
0
0
0
0
0
0
0
0
0
0
0
0
0
0
0
0
0
0
0
0
0
0
0
