42B60A3D
42B6147B
42B61EB8
42B628F6
42B63333
42B63D71
42B647AE
42B651EC
42B6AE14
42B6B852
42B6C28F
42B6CCCD
42B6D70A
42B6E148
42B6EB85
42B6F5C3
42B751EC
42B75C29
42B76666
42B770A4
42B77AE1
42B7851F
42B78F5C
42B7999A
42B7F5C3
42B80000
42B80A3D
42B8147B
42B81EB8
42B828F6
42B83333
42B83D71
0
0
0
0
0
0
0
0
0
0
0
0
0
0
0
0
0
0
0
0
0
0
0
0
0
0
0
0
0
0
0
0
0
0
0
0
0
0
0
0
0
0
0
0
0
0
0
0
0
0
0
0
0
0
0
0
0
0
0
0
0
0
0
0
0
0
0
0
0
0
0
0
0
0
0
0
0
0
0
0
0
0
0
0
0
0
0
0
0
0
0
0
0
0
0
0
42CA851F
42CA8F5C
42CA999A
42CAA3D7
42CAAE14
42CAB852
42CAC28F
42CACCCD
42CB28F6
42CB3333
42CB3D71
42CB47AE
42CB51EC
42CB5C29
42CB6666
42CB70A4
42CBCCCD
42CBD70A
42CBE148
42CBEB85
42CBF5C3
42CC0000
42CC0A3D
42CC147B
42CC70A4
42CC7AE1
42CC851F
42CC8F5C
42CC999A
42CCA3D7
42CCAE14
42CCB852
0
0
0
0
0
0
0
0
0
0
0
0
0
0
0
0
0
0
0
0
0
0
0
0
0
0
0
0
0
0
0
0
0
0
0
0
0
0
0
0
0
0
0
0
0
0
0
0
0
0
0
0
0
0
0
0
0
0
0
0
0
0
0
0
0
0
0
0
0
0
0
0
0
0
0
0
0
0
0
0
0
0
0
0
0
0
0
0
0
0
0
0
0
0
0
0
42DF0000
42DF0A3D
42DF147B
42DF1EB8
42DF28F6
42DF3333
42DF3D71
42DF47AE
42DFA3D7
42DFAE14
42DFB852
42DFC28F
42DFCCCD
42DFD70A
42DFE148
42DFEB85
42E047AE
42E051EC
42E05C29
42E06666
42E070A4
42E07AE1
42E0851F
42E08F5C
42E0EB85
42E0F5C3
42E10000
42E10A3D
42E1147B
42E11EB8
42E128F6
42E13333
0
0
0
0
0
0
0
0
0
0
0
0
0
0
0
0
0
0
0
0
0
0
0
0
0
0
0
0
0
0
0
0
0
0
0
0
0
0
0
0
0
0
0
0
0
0
0
0
0
0
0
0
0
0
0
0
0
0
0
0
0
0
0
0
0
0
0
0
0
0
0
0
0
0
0
0
0
0
0
0
0
0
0
0
0
0
0
0
0
0
0
0
0
0
0
0
42F37AE1
42F3851F
42F38F5C
42F3999A
42F3A3D7
42F3AE14
42F3B852
42F3C28F
42F41EB8
42F428F6
42F43333
42F43D71
42F447AE
42F451EC
42F45C29
42F46666
42F4C28F
42F4CCCD
42F4D70A
42F4E148
42F4EB85
42F4F5C3
42F50000
42F50A3D
42F56666
42F570A4
42F57AE1
42F5851F
42F58F5C
42F5999A
42F5A3D7
42F5AE14
0
0
0
0
0
0
0
0
0
0
0
0
0
0
0
0
0
0
0
0
0
0
0
0
0
0
0
0
0
0
0
0
0
0
0
0
0
0
0
0
0
0
0
0
0
0
0
0
0
0
0
0
0
0
0
0
0
0
0
0
0
0
0
0
0
0
0
0
0
0
0
0
0
0
0
0
0
0
0
0
0
0
0
0
0
0
0
0
0
0
0
0
0
0
0
0
4303FAE1
43040000
4304051F
43040A3D
43040F5C
4304147B
4304199A
43041EB8
43044CCD
430451EC
4304570A
43045C29
43046148
43046666
43046B85
430470A4
43049EB8
4304A3D7
4304A8F6
4304AE14
4304B333
4304B852
4304BD71
4304C28F
4304F0A4
4304F5C3
4304FAE1
43050000
4305051F
43050A3D
43050F5C
4305147B
0
0
0
0
0
0
0
0
0
0
0
0
0
0
0
0
0
0
0
0
0
0
0
0
0
0
0
0
0
0
0
0
0
0
0
0
0
0
0
0
0
0
0
0
0
0
0
0
0
0
0
0
0
0
0
0
0
0
0
0
0
0
0
0
0
0
0
0
0
0
0
0
0
0
0
0
0
0
0
0
0
0
0
0
0
0
0
0
0
0
0
0
0
0
0
0
430E3852
430E3D71
430E428F
430E47AE
430E4CCD
430E51EC
430E570A
430E5C29
430E8A3D
430E8F5C
430E947B
430E999A
430E9EB8
430EA3D7
430EA8F6
430EAE14
430EDC29
430EE148
430EE666
430EEB85
430EF0A4
430EF5C3
430EFAE1
430F0000
430F2E14
430F3333
430F3852
430F3D71
430F428F
430F47AE
430F4CCD
430F51EC
0
0
0
0
0
0
0
0
0
0
0
0
0
0
0
0
0
0
0
0
0
0
0
0
0
0
0
0
0
0
0
0
0
0
0
0
0
0
0
0
0
0
0
0
0
0
0
0
0
0
0
0
0
0
0
0
0
0
0
0
0
0
0
0
0
0
0
0
0
0
0
0
0
0
0
0
0
0
0
0
0
0
0
0
0
0
0
0
0
0
0
0
0
0
0
0
431875C3
43187AE1
43188000
4318851F
43188A3D
43188F5C
4318947B
4318999A
4318C7AE
4318CCCD
4318D1EC
4318D70A
4318DC29
4318E148
4318E666
4318EB85
4319199A
43191EB8
431923D7
431928F6
43192E14
43193333
43193852
43193D71
43196B85
431970A4
431975C3
43197AE1
43198000
4319851F
43198A3D
43198F5C
0
0
0
0
0
0
0
0
0
0
0
0
0
0
0
0
0
0
0
0
0
0
0
0
0
0
0
0
0
0
0
0
0
0
0
0
0
0
0
0
0
0
0
0
0
0
0
0
0
0
0
0
0
0
0
0
0
0
0
0
0
0
0
0
0
0
0
0
0
0
0
0
0
0
0
0
0
0
0
0
0
0
0
0
0
0
0
0
0
0
0
0
0
0
0
0
4322B333
4322B852
4322BD71
4322C28F
4322C7AE
4322CCCD
4322D1EC
4322D70A
4323051F
43230A3D
43230F5C
4323147B
4323199A
43231EB8
432323D7
432328F6
4323570A
43235C29
43236148
43236666
43236B85
432370A4
432375C3
43237AE1
4323A8F6
4323AE14
4323B333
4323B852
4323BD71
4323C28F
4323C7AE
4323CCCD
0
0
0
0
0
0
0
0
0
0
0
0
0
0
0
0
0
0
0
0
0
0
0
0
0
0
0
0
0
0
0
0
0
0
0
0
0
0
0
0
0
0
0
0
0
0
0
0
0
0
0
0
0
0
0
0
0
0
0
0
0
0
0
0
0
0
0
0
0
0
0
0
0
0
0
0
0
0
0
0
0
0
0
0
0
0
0
0
0
0
0
0
0
0
0
0
