43983441
439841B1
43984F20
43985C8F
439869FE
4398776E
4349734E
42C83C9F
0
0
43990B36
439918A6
43992615
43993384
439940F4
43994E64
434A90B7
42C95E4A
0
0
43464FFA
43466152
434672AA
43468405
4346955C
4346A6B6
4303515E
4282DE7F
0
0
42C13C55
42C14D74
42C15E93
42C16FB2
42C180D2
42C191F1
4280479A
4200E410
0
0
0
0
0
0
0
0
0
0
0
0
0
0
0
0
0
0
0
0
0
0
0
0
0
0
0
0
0
0
0
0
0
0
0
0
0
0
0
0
0
0
0
0
0
0
0
0
0
0
0
0
0
0
0
0
0
0
0
0
0
0
0
0
0
0
0
0
0
0
0
0
0
0
0
0
0
0
0
0
0
0
0
0
0
0
0
0
0
0
0
0
0
0
0
0
0
0
0
0
0
0
0
0
0
0
0
0
0
0
0
0
0
0
0
0
0
0
0
0
0
0
449BDB17
449BEBB8
449BFC5A
449C0CFB
449C1D9C
449C2E3E
444FE6B2
43CFE369
0
0
449CE52B
449CF5CD
449D066E
449D170E
449D27B0
449D3851
4451492A
43D146F2
0
0
44506538
44507B40
44509148
4450A751
4450BD58
4450D360
440B0BE2
438B3699
0
0
43CFEF66
43D00560
43D01B5A
43D03153
43D0474E
43D05D47
438AE95A
430B9970
0
0
0
0
0
0
0
0
0
0
0
0
0
0
0
0
0
0
0
0
0
0
0
0
0
0
0
0
0
0
0
0
0
0
0
0
0
0
0
0
0
0
0
0
0
0
0
0
0
0
0
0
0
0
0
0
0
0
0
0
0
0
0
0
0
0
0
0
0
0
0
0
0
0
0
0
0
0
0
0
0
0
0
0
0
0
0
0
0
0
0
0
0
0
0
0
0
0
0
0
0
0
0
0
0
0
0
0
0
0
0
0
0
0
0
0
0
0
0
0
0
0
4508D490
4508E383
4508F277
4509016A
4509105D
45091F50
44B6B849
4436DBD6
0
0
4509C3C4
4509D2B8
4509E1AC
4509F09E
4509FF92
450A0E84
44B7F713
44381B27
0
0
44B79B38
44B7AF16
44B7C2F2
44B7D6D0
44B7EAAC
44B7FE88
4475436D
43F5B594
0
0
4437C7DC
4437DBB1
4437EF88
4438035E
44381732
44382B08
43F5C0CC
4376F9DB
0
0
0
0
0
0
0
0
0
0
0
0
0
0
0
0
0
0
0
0
0
0
0
0
0
0
0
0
0
0
0
0
0
0
0
0
0
0
0
0
0
0
0
0
0
0
0
0
0
0
0
0
0
0
0
0
0
0
0
0
0
0
0
0
0
0
0
0
0
0
0
0
0
0
0
0
0
0
0
0
0
0
0
0
0
0
0
0
0
0
0
0
0
0
0
0
0
0
0
0
0
0
0
0
0
0
0
0
0
0
0
0
0
0
0
0
0
0
0
0
0
0
4543BB94
4543D12A
4543E6BF
4543FC56
454411EC
45442780
4502BE9C
4482E2FB
0
0
454514F3
45452A89
4545401F
454555B6
45456B4A
454580E1
4503A4C9
4483C96C
0
0
450381EA
45039046
45039EA0
4503ACFC
4503BB56
4503C9B1
44AFBD7C
44301A46
0
0
4483CC02
4483DA59
4483E8B1
4483F708
44840560
448413B7
44304C1F
43B12D22
0
0
0
0
0
0
0
0
0
0
0
0
0
0
0
0
0
0
0
0
0
0
0
0
0
0
0
0
0
0
0
0
0
0
0
0
0
0
0
0
0
0
0
0
0
0
0
0
0
0
0
0
0
0
0
0
0
0
0
0
0
0
0
0
0
0
0
0
0
0
0
0
0
0
0
0
0
0
0
0
0
0
0
0
0
0
0
0
0
0
0
0
0
0
0
0
0
0
0
0
0
0
0
0
0
0
0
0
0
0
0
0
0
0
0
0
0
0
0
0
0
0
457EA296
457EBED0
457EDB08
457EF740
457F1379
457F2FB2
452A2114
44AA580C
0
0
45803311
4580412E
45804F4A
45805D66
45806B82
4580799F
452B4E08
44AB8543
0
0
452B3638
452B4900
452B5BC8
452B6E8F
452B8157
452B941E
44E4D941
446559C3
0
0
44ABB416
44ABC6DA
44ABD99E
44ABEC62
44ABFF26
44AC11EA
4465B7D8
43E6DD58
0
0
0
0
0
0
0
0
0
0
0
0
0
0
0
0
0
0
0
0
0
0
0
0
0
0
0
0
0
0
0
0
0
0
0
0
0
0
0
0
0
0
0
0
0
0
0
0
0
0
0
0
0
0
0
0
0
0
0
0
0
0
0
0
0
0
0
0
0
0
0
0
0
0
0
0
0
0
0
0
0
0
0
0
0
0
0
0
0
0
0
0
0
0
0
0
0
0
0
0
0
0
0
0
0
0
0
0
0
0
0
0
0
0
0
0
0
0
0
0
0
0
459CC4CE
459CD63A
459CE7A9
459CF916
459D0A84
459D1BF2
4551838C
44D1CD1B
0
0
459DDBA8
459DED16
459DFE84
459E0FF1
459E2160
459E32CC
4552F747
44D3411C
0
0
4552EA87
455301BA
455318EF
45533023
45534756
45535E8B
450CFA84
448D4CA0
0
0
44D39C2C
44D3B35C
44D3CA8B
44D3E1BC
44D3F8EC
44D4101C
448D91C9
440E46C7
0
0
0
0
0
0
0
0
0
0
0
0
0
0
0
0
0
0
0
0
0
0
0
0
0
0
0
0
0
0
0
0
0
0
0
0
0
0
0
0
0
0
0
0
0
0
0
0
0
0
0
0
0
0
0
0
0
0
0
0
0
0
0
0
0
0
0
0
0
0
0
0
0
0
0
0
0
0
0
0
0
0
0
0
0
0
0
0
0
0
0
0
0
0
0
0
0
0
0
0
0
0
0
0
0
0
0
0
0
0
0
0
0
0
0
0
0
0
0
0
0
0
45BA384F
45BA4D0F
45BA61CD
45BA768C
45BA8B4B
45BAA00A
4578E604
44F9422C
0
0
45BB8440
45BB98FE
45BBADBE
45BBC27E
45BBD73C
45BBEBFA
457AA086
44FAFCF4
0
0
457A9ED6
457ABA76
457AD617
457AF1B6
457B0D57
457B28F6
45278866
44A7EC5F
0
0
44FB8440
44FB9FDC
44FBBB78
44FBD716
44FBF2B2
44FC0E4F
44A847A6
44291EE2
0
0
0
0
0
0
0
0
0
0
0
0
0
0
0
0
0
0
0
0
0
0
0
0
0
0
0
0
0
0
0
0
0
0
0
0
0
0
0
0
0
0
0
0
0
0
0
0
0
0
0
0
0
0
0
0
0
0
0
0
0
0
0
0
0
0
0
0
0
0
0
0
0
0
0
0
0
0
0
0
0
0
0
0
0
0
0
0
0
0
0
0
0
0
0
0
0
0
0
0
0
0
0
0
0
0
0
0
0
0
0
0
0
0
0
0
0
0
0
0
0
0
45D7ABD1
45D7C3E1
45D7DBF2
45D7F402
45D80C13
45D82422
4590243E
45105B9E
0
0
45D92CD8
45D944E8
45D95CF8
45D97508
45D98D18
45D9A529
459124E2
45115C65
0
0
45912992
45913998
4591499E
459159A5
459169AB
459179B1
45421649
44C28C1D
0
0
4511B629
4511C62E
4511D633
4511E638
4511F63C
45120641
44C2FD83
4443F6FC
0
0
0
0
0
0
0
0
0
0
0
0
0
0
0
0
0
0
0
0
0
0
0
0
0
0
0
0
0
0
0
0
0
0
0
0
0
0
0
0
0
0
0
0
0
0
0
0
0
0
0
0
0
0
0
0
0
0
0
0
0
0
0
0
0
0
0
0
0
0
0
0
0
0
0
0
0
0
0
0
0
0
0
0
0
0
0
0
0
0
0
0
0
0
0
0
0
0
0
0
0
0
0
0
0
0
0
0
0
0
0
0
0
0
0
0
0
0
0
0
0
0
