45F44444
45F45FA6
45F47B09
45F4966B
45F4B1CB
45F4CD2E
45F4E890
45F503F2
4111D2F2
4111DB23
45F5FA60
45F615C3
45F63125
45F64C86
45F667E7
45F6834A
45F69EAA
45F6BA0D
41125604
41125E35
45A471D5
45A48411
45A4964E
45A4A88A
45A4BAC6
45A4CD03
45A4DF40
45A4F17D
4112D917
4112E148
4525185E
45252A98
45253CD4
45254F0E
45256149
45257383
452585BE
452597FA
41135C29
4113645A
0
0
0
0
0
0
0
0
0
0
0
0
0
0
0
0
0
0
0
0
0
0
0
0
0
0
0
0
0
0
0
0
0
0
0
0
0
0
0
0
0
0
0
0
0
0
0
0
0
0
0
0
0
0
0
0
0
0
0
0
0
0
0
0
0
0
0
0
0
0
0
0
0
0
0
0
0
0
0
0
0
0
0
0
0
0
0
0
0
0
0
0
0
0
0
0
0
0
0
0
0
0
0
0
0
0
0
0
0
0
0
0
0
0
0
0
0
0
0
0
4608CE9E
4608DDF8
4608ED52
4608FCAB
46090C04
46091B5F
46092AB8
46093A11
4122353F
41223D71
4609C436
4609D390
4609E2EA
4609F243
460A019E
460A10F6
460A2050
460A2FA9
4122B852
4122C083
45B83A4A
45B84EBC
45B86330
45B877A2
45B88C15
45B8A088
45B8B4FA
45B8C96E
41233B64
41234396
4538FAB5
45390F27
45392397
45393808
45394C7A
453960EC
4539755C
453989CE
4123BE77
4123C6A8
0
0
0
0
0
0
0
0
0
0
0
0
0
0
0
0
0
0
0
0
0
0
0
0
0
0
0
0
0
0
0
0
0
0
0
0
0
0
0
0
0
0
0
0
0
0
0
0
0
0
0
0
0
0
0
0
0
0
0
0
0
0
0
0
0
0
0
0
0
0
0
0
0
0
0
0
0
0
0
0
0
0
0
0
0
0
0
0
0
0
0
0
0
0
0
0
0
0
0
0
0
0
0
0
0
0
0
0
0
0
0
0
0
0
0
0
0
0
0
0
46177B1A
46178C1C
46179D1E
4617AE20
4617BF22
4617D025
4617E127
4617F229
4132978D
41329FBE
46188B3D
46189C40
4618AD42
4618BE44
4618CF46
4618E048
4618F14A
4619024E
41331AA0
413322D1
45CC02BF
45CC1968
45CC3011
45CC46BA
45CC5D62
45CC740D
45CC8AB5
45CCA15E
41339DB2
4133A5E3
454CDD0E
454CF3B6
454D0A5C
454D2104
454D37AC
454D4E52
454D64FA
454D7BA0
413420C5
413428F6
0
0
0
0
0
0
0
0
0
0
0
0
0
0
0
0
0
0
0
0
0
0
0
0
0
0
0
0
0
0
0
0
0
0
0
0
0
0
0
0
0
0
0
0
0
0
0
0
0
0
0
0
0
0
0
0
0
0
0
0
0
0
0
0
0
0
0
0
0
0
0
0
0
0
0
0
0
0
0
0
0
0
0
0
0
0
0
0
0
0
0
0
0
0
0
0
0
0
0
0
0
0
0
0
0
0
0
0
0
0
0
0
0
0
0
0
0
0
0
0
46262795
46263A40
46264CEA
46265F96
46267240
462684EB
46269796
4626AA42
4142F9DB
4143020C
46275243
462764EF
46277798
46278A44
46279CEF
4627AF99
4627C245
4627D4F0
41437CEE
4143851F
45DFCB35
45DFE414
45DFFCF4
45E015D3
45E02EB0
45E04791
45E06071
45E07950
41440000
41440831
4560BF67
4560D843
4560F122
456109FF
456122DD
45613BBA
45615498
45616D75
41448312
41448B44
0
0
0
0
0
0
0
0
0
0
0
0
0
0
0
0
0
0
0
0
0
0
0
0
0
0
0
0
0
0
0
0
0
0
0
0
0
0
0
0
0
0
0
0
0
0
0
0
0
0
0
0
0
0
0
0
0
0
0
0
0
0
0
0
0
0
0
0
0
0
0
0
0
0
0
0
0
0
0
0
0
0
0
0
0
0
0
0
0
0
0
0
0
0
0
0
0
0
0
0
0
0
0
0
0
0
0
0
0
0
0
0
0
0
0
0
0
0
0
0
4634D410
4634E864
4634FCB8
4635110B
4635255F
463539B2
46354E06
4635625A
41535C29
4153645A
46361949
46362D9E
463641F0
46365644
46366A98
46367EEC
4636933F
4636A793
4153DF3B
4153E76D
45F393AA
45F3AEBF
45F3C9D5
45F3E4EA
45F40000
45F41B16
45F4362C
45F45140
4154624E
41546A7F
4574A1BF
4574BCD2
4574D7E6
4574F2FA
45750E0E
45752922
45754435
45755F4A
4154E560
4154ED91
0
0
0
0
0
0
0
0
0
0
0
0
0
0
0
0
0
0
0
0
0
0
0
0
0
0
0
0
0
0
0
0
0
0
0
0
0
0
0
0
0
0
0
0
0
0
0
0
0
0
0
0
0
0
0
0
0
0
0
0
0
0
0
0
0
0
0
0
0
0
0
0
0
0
0
0
0
0
0
0
0
0
0
0
0
0
0
0
0
0
0
0
0
0
0
0
0
0
0
0
0
0
0
0
0
0
0
0
0
0
0
0
0
0
0
0
0
0
0
0
4643808C
46439689
4643AC85
4643C282
4643D87D
4643EE7A
46440475
46441A72
4163BE77
4163C6A8
4644E050
4644F64C
46450C48
46452245
46453840
46454E3E
46456439
46457A36
41644189
416449BA
4603AE0F
4603BCB5
4603CB5B
4603DA01
4603E8A7
4603F74C
460405F3
46041499
4164C49C
4164CCCD
4584420C
458450B0
45845F55
45846DFB
45847CA0
45848B44
458499EA
4584A88E
416547AE
41654FDF
0
0
0
0
0
0
0
0
0
0
0
0
0
0
0
0
0
0
0
0
0
0
0
0
0
0
0
0
0
0
0
0
0
0
0
0
0
0
0
0
0
0
0
0
0
0
0
0
0
0
0
0
0
0
0
0
0
0
0
0
0
0
0
0
0
0
0
0
0
0
0
0
0
0
0
0
0
0
0
0
0
0
0
0
0
0
0
0
0
0
0
0
0
0
0
0
0
0
0
0
0
0
0
0
0
0
0
0
0
0
0
0
0
0
0
0
0
0
0
0
46522D07
465244AD
46525C51
465273F6
46528B9A
4652A340
4652BAE6
4652D289
417420C5
417428F6
4653A757
4653BEFA
4653D6A0
4653EE45
465405EA
46541D8F
46543533
46544CD8
4174A3D7
4174AC08
460D924A
460DA20B
460DB1CC
460DC18D
460DD14E
460DE110
460DF0D0
460E0090
417526E9
41752F1B
458E3338
458E42F7
458E52B8
458E6278
458E7238
458E81F8
458E91B8
458EA178
4175A9FC
4175B22D
0
0
0
0
0
0
0
0
0
0
0
0
0
0
0
0
0
0
0
0
0
0
0
0
0
0
0
0
0
0
0
0
0
0
0
0
0
0
0
0
0
0
0
0
0
0
0
0
0
0
0
0
0
0
0
0
0
0
0
0
0
0
0
0
0
0
0
0
0
0
0
0
0
0
0
0
0
0
0
0
0
0
0
0
0
0
0
0
0
0
0
0
0
0
0
0
0
0
0
0
0
0
0
0
0
0
0
0
0
0
0
0
0
0
0
0
0
0
0
0
4660D983
4660F2D2
46610C1E
4661256B
46613EBA
46615808
46617155
46618AA2
41824189
418245A2
46626E5E
466287AA
4662A0F9
4662BA45
4662D391
4662ECE1
4663062E
46631F7C
41828312
4182872B
46177685
46178760
4617983E
4617A919
4617B9F5
4617CAD1
4617DBAE
4617EC89
4182C49C
4182C8B4
45982464
4598353F
4598461A
459856F6
459867D0
459878AC
45988987
45989A62
41830625
41830A3D
0
0
0
0
0
0
0
0
0
0
0
0
0
0
0
0
0
0
0
0
0
0
0
0
0
0
0
0
0
0
0
0
0
0
0
0
0
0
0
0
0
0
0
0
0
0
0
0
0
0
0
0
0
0
0
0
0
0
0
0
0
0
0
0
0
0
0
0
0
0
0
0
0
0
0
0
0
0
0
0
0
0
0
0
0
0
0
0
0
0
0
0
0
0
0
0
0
0
0
0
0
0
0
0
0
0
0
0
0
0
0
0
0
0
0
0
0
0
0
0
