479AD652
479AE770
42B65C29
42B66666
0
0
0
0
479BE833
479BF950
42B70000
42B70A3D
0
0
0
0
42B78F5C
42B7999A
42B7A3D7
42B7AE14
0
0
0
0
42B83333
42B83D71
42B847AE
42B851EC
0
0
0
0
0
0
0
0
0
0
0
0
0
0
0
0
0
0
0
0
0
0
0
0
0
0
0
0
0
0
0
0
0
0
0
0
0
0
0
0
0
0
0
0
0
0
0
0
0
0
0
0
0
0
0
0
0
0
0
0
0
0
0
0
0
0
0
0
0
0
0
0
0
0
0
0
0
0
0
0
0
0
0
0
0
0
0
0
0
0
0
0
0
0
0
0
0
0
0
0
47AD7048
47AD837A
42CAD70A
42CAE148
0
0
0
0
47AEA356
47AEB687
42CB7AE1
42CB851F
0
0
0
0
42CC0A3D
42CC147B
42CC1EB8
42CC28F6
0
0
0
0
42CCAE14
42CCB852
42CCC28F
42CCCCCD
0
0
0
0
0
0
0
0
0
0
0
0
0
0
0
0
0
0
0
0
0
0
0
0
0
0
0
0
0
0
0
0
0
0
0
0
0
0
0
0
0
0
0
0
0
0
0
0
0
0
0
0
0
0
0
0
0
0
0
0
0
0
0
0
0
0
0
0
0
0
0
0
0
0
0
0
0
0
0
0
0
0
0
0
0
0
0
0
0
0
0
0
0
0
0
0
0
0
0
0
47C00A3E
47C01F80
42DF51EC
42DF5C29
0
0
0
0
47C15E78
47C173BC
42DFF5C3
42E00000
0
0
0
0
42E0851F
42E08F5C
42E0999A
42E0A3D7
0
0
0
0
42E128F6
42E13333
42E13D71
42E147AE
0
0
0
0
0
0
0
0
0
0
0
0
0
0
0
0
0
0
0
0
0
0
0
0
0
0
0
0
0
0
0
0
0
0
0
0
0
0
0
0
0
0
0
0
0
0
0
0
0
0
0
0
0
0
0
0
0
0
0
0
0
0
0
0
0
0
0
0
0
0
0
0
0
0
0
0
0
0
0
0
0
0
0
0
0
0
0
0
0
0
0
0
0
0
0
0
0
0
0
0
47D2A433
47D2BB89
42F3CCCD
42F3D70A
0
0
0
0
47D4199B
47D430F1
42F470A4
42F47AE1
0
0
0
0
42F50000
42F50A3D
42F5147B
42F51EB8
0
0
0
0
42F5A3D7
42F5AE14
42F5B852
42F5C28F
0
0
0
0
0
0
0
0
0
0
0
0
0
0
0
0
0
0
0
0
0
0
0
0
0
0
0
0
0
0
0
0
0
0
0
0
0
0
0
0
0
0
0
0
0
0
0
0
0
0
0
0
0
0
0
0
0
0
0
0
0
0
0
0
0
0
0
0
0
0
0
0
0
0
0
0
0
0
0
0
0
0
0
0
0
0
0
0
0
0
0
0
0
0
0
0
0
0
0
0
47E53E27
47E55791
430423D7
430428F6
0
0
0
0
47E6D4BE
47E6EE27
430475C3
43047AE1
0
0
0
0
4304BD71
4304C28F
4304C7AE
4304CCCD
0
0
0
0
43050F5C
4305147B
4305199A
43051EB8
0
0
0
0
0
0
0
0
0
0
0
0
0
0
0
0
0
0
0
0
0
0
0
0
0
0
0
0
0
0
0
0
0
0
0
0
0
0
0
0
0
0
0
0
0
0
0
0
0
0
0
0
0
0
0
0
0
0
0
0
0
0
0
0
0
0
0
0
0
0
0
0
0
0
0
0
0
0
0
0
0
0
0
0
0
0
0
0
0
0
0
0
0
0
0
0
0
0
0
0
47F7D81D
47F7F399
430E6148
430E6666
0
0
0
0
47F98FE1
47F9AB5E
430EB333
430EB852
0
0
0
0
430EFAE1
430F0000
430F051F
430F0A3D
0
0
0
0
430F4CCD
430F51EC
430F570A
430F5C29
0
0
0
0
0
0
0
0
0
0
0
0
0
0
0
0
0
0
0
0
0
0
0
0
0
0
0
0
0
0
0
0
0
0
0
0
0
0
0
0
0
0
0
0
0
0
0
0
0
0
0
0
0
0
0
0
0
0
0
0
0
0
0
0
0
0
0
0
0
0
0
0
0
0
0
0
0
0
0
0
0
0
0
0
0
0
0
0
0
0
0
0
0
0
0
0
0
0
0
0
4805390A
480547D1
43189EB8
4318A3D7
0
0
0
0
48062581
48063449
4318F0A4
4318F5C3
0
0
0
0
43193852
43193D71
4319428F
431947AE
0
0
0
0
43198A3D
43198F5C
4319947B
4319999A
0
0
0
0
0
0
0
0
0
0
0
0
0
0
0
0
0
0
0
0
0
0
0
0
0
0
0
0
0
0
0
0
0
0
0
0
0
0
0
0
0
0
0
0
0
0
0
0
0
0
0
0
0
0
0
0
0
0
0
0
0
0
0
0
0
0
0
0
0
0
0
0
0
0
0
0
0
0
0
0
0
0
0
0
0
0
0
0
0
0
0
0
0
0
0
0
0
0
0
0
480E8604
480E95D5
4322DC29
4322E148
0
0
0
0
480F8313
480F92E4
43232E14
43233333
0
0
0
0
432375C3
43237AE1
43238000
4323851F
0
0
0
0
4323C7AE
4323CCCD
4323D1EC
4323D70A
0
0
0
0
0
0
0
0
0
0
0
0
0
0
0
0
0
0
0
0
0
0
0
0
0
0
0
0
0
0
0
0
0
0
0
0
0
0
0
0
0
0
0
0
0
0
0
0
0
0
0
0
0
0
0
0
0
0
0
0
0
0
0
0
0
0
0
0
0
0
0
0
0
0
0
0
0
0
0
0
0
0
0
0
0
0
0
0
0
0
0
0
0
0
0
0
0
0
0
0
