479A6F9E
479A80BD
479A91DA
479AA2F9
479AB416
479AC535
42B647AE
42B651EC
479B817E
479B929C
479BA3BB
479BB4D9
479BC5F7
479BD716
42B6EB85
42B6F5C3
474FE99A
47500066
47501733
47502E00
475044CC
47505B9C
42B78F5C
42B7999A
46D0B919
46D0CFE4
46D0E6AF
46D0FD7A
46D11444
46D12B10
42B83333
42B83D71
0
0
0
0
0
0
0
0
0
0
0
0
0
0
0
0
0
0
0
0
0
0
0
0
0
0
0
0
0
0
0
0
0
0
0
0
0
0
0
0
0
0
0
0
0
0
0
0
0
0
0
0
0
0
0
0
0
0
0
0
0
0
0
0
0
0
0
0
0
0
0
0
0
0
0
0
0
0
0
0
0
0
0
0
0
0
0
0
0
0
0
0
0
0
0
0
47ACFD23
47AD1054
47AD2385
47AD36B6
47AD49E6
47AD5D17
42CAC28F
42CACCCD
47AE302F
47AE4361
47AE5692
47AE69C2
47AE7CF5
47AE9025
42CB6666
42CB70A4
4768EC0F
476905A0
47691F2F
476938C0
47695251
47696BE2
42CC0A3D
42CC147B
46E9DBEB
46E9F578
46EA0F07
46EA2895
46EA4224
46EA5BB3
42CCAE14
42CCB852
0
0
0
0
0
0
0
0
0
0
0
0
0
0
0
0
0
0
0
0
0
0
0
0
0
0
0
0
0
0
0
0
0
0
0
0
0
0
0
0
0
0
0
0
0
0
0
0
0
0
0
0
0
0
0
0
0
0
0
0
0
0
0
0
0
0
0
0
0
0
0
0
0
0
0
0
0
0
0
0
0
0
0
0
0
0
0
0
0
0
0
0
0
0
0
0
47BF8AA7
47BF9FEC
47BFB52F
47BFCA72
47BFDFB5
47BFF4FA
42DF3D71
42DF47AE
47C0DEE3
47C0F425
47C10969
47C11EAE
47C133F1
47C14934
42DFE148
42DFEB85
4780F742
4781056C
47811397
478121C1
47812FEB
47813E15
42E0851F
42E08F5C
47017F5D
47018D87
47019BB0
4701A9DA
4701B802
4701C62C
42E128F6
42E13333
0
0
0
0
0
0
0
0
0
0
0
0
0
0
0
0
0
0
0
0
0
0
0
0
0
0
0
0
0
0
0
0
0
0
0
0
0
0
0
0
0
0
0
0
0
0
0
0
0
0
0
0
0
0
0
0
0
0
0
0
0
0
0
0
0
0
0
0
0
0
0
0
0
0
0
0
0
0
0
0
0
0
0
0
0
0
0
0
0
0
0
0
0
0
0
0
47D2182B
47D22F82
47D246D9
47D25E2E
47D27584
47D28CDA
42F3B852
42F3C28F
47D38D94
47D3A4EA
47D3BC41
47D3D398
47D3EAEE
47D40245
42F45C29
42F46666
478D787C
478D8809
478D9795
478DA721
478DB6AD
478DC63A
42F50000
42F50A3D
470E10C6
470E2051
470E2FDC
470E3F67
470E4EF2
470E5E7D
42F5A3D7
42F5AE14
0
0
0
0
0
0
0
0
0
0
0
0
0
0
0
0
0
0
0
0
0
0
0
0
0
0
0
0
0
0
0
0
0
0
0
0
0
0
0
0
0
0
0
0
0
0
0
0
0
0
0
0
0
0
0
0
0
0
0
0
0
0
0
0
0
0
0
0
0
0
0
0
0
0
0
0
0
0
0
0
0
0
0
0
0
0
0
0
0
0
0
0
0
0
0
0
47E4A5AF
47E4BF19
47E4D883
47E4F1ED
47E50B54
47E524BF
4304199A
43041EB8
47E63C46
47E655B0
47E66F17
47E68882
47E6A1EA
47E6BB56
43046B85
430470A4
4799F9B6
479A0AA5
479A1B94
479A2C81
479A3D6F
479A4E5D
4304BD71
4304C28F
471AA22E
471AB31B
471AC408
471AD4F6
471AE5E2
471AF6CF
43050F5C
4305147B
0
0
0
0
0
0
0
0
0
0
0
0
0
0
0
0
0
0
0
0
0
0
0
0
0
0
0
0
0
0
0
0
0
0
0
0
0
0
0
0
0
0
0
0
0
0
0
0
0
0
0
0
0
0
0
0
0
0
0
0
0
0
0
0
0
0
0
0
0
0
0
0
0
0
0
0
0
0
0
0
0
0
0
0
0
0
0
0
0
0
0
0
0
0
0
0
47F73334
47F74EB0
47F76A2D
47F785A9
47F7A126
47F7BCA0
430E570A
430E5C29
47F8EAF8
47F90674
47F921F0
47F93D6C
47F958E8
47F97463
430EA8F6
430EAE14
47A67AF2
47A68D41
47A69F92
47A6B1E2
47A6C431
47A6D681
430EFAE1
430F0000
47273397
472745E5
47275835
47276A84
47277CD2
47278F21
430F4CCD
430F51EC
0
0
0
0
0
0
0
0
0
0
0
0
0
0
0
0
0
0
0
0
0
0
0
0
0
0
0
0
0
0
0
0
0
0
0
0
0
0
0
0
0
0
0
0
0
0
0
0
0
0
0
0
0
0
0
0
0
0
0
0
0
0
0
0
0
0
0
0
0
0
0
0
0
0
0
0
0
0
0
0
0
0
0
0
0
0
0
0
0
0
0
0
0
0
0
0
4804E05C
4804EF24
4804FDEB
48050CB2
48051B7B
48052A41
4318947B
4318999A
4805CCD5
4805DB9B
4805EA64
4805F92C
480607F2
480616BA
4318E666
4318EB85
47B2FC2D
47B30FDD
47B32391
47B33741
47B34AF3
47B35EA5
43193852
43193D71
4733C4FF
4733D8B0
4733EC61
47340012
473413C2
47342774
43198A3D
43198F5C
0
0
0
0
0
0
0
0
0
0
0
0
0
0
0
0
0
0
0
0
0
0
0
0
0
0
0
0
0
0
0
0
0
0
0
0
0
0
0
0
0
0
0
0
0
0
0
0
0
0
0
0
0
0
0
0
0
0
0
0
0
0
0
0
0
0
0
0
0
0
0
0
0
0
0
0
0
0
0
0
0
0
0
0
0
0
0
0
0
0
0
0
0
0
0
0
480E271D
480E36EF
480E46C0
480E5690
480E6662
480E7634
4322D1EC
4322D70A
480F242D
480F33FF
480F43CF
480F53A0
480F6371
480F7343
432323D7
432328F6
47BF7D67
47BF927A
47BFA78D
47BFBCA2
47BFD1B5
47BFE6CA
432375C3
43237AE1
47405668
47406B7B
4740808D
474095A0
4740AAB3
4740BFC6
4323C7AE
4323CCCD
0
0
0
0
0
0
0
0
0
0
0
0
0
0
0
0
0
0
0
0
0
0
0
0
0
0
0
0
0
0
0
0
0
0
0
0
0
0
0
0
0
0
0
0
0
0
0
0
0
0
0
0
0
0
0
0
0
0
0
0
0
0
0
0
0
0
0
0
0
0
0
0
0
0
0
0
0
0
0
0
0
0
0
0
0
0
0
0
0
0
0
0
0
0
0
0
